  0.869296460211684E+000  0.326925192148370E+001  0.483939523944780E+001 -0.764628056637184E+002
  0.861798666124630E+000  0.331574238455278E+001  0.473767849133262E+001 -0.764551679934032E+002
  0.860521446509753E+000  0.357839268515283E+001  0.470824877327101E+001 -0.764570417342457E+002
  0.867699871376822E+000  0.343634426583816E+001  0.483069213028981E+001 -0.764608621879245E+002
  0.876445199687613E+000  0.319316121206280E+001  0.475200964521653E+001 -0.764516512890022E+002
  0.858328049166766E+000  0.344757597785269E+001  0.471584027271694E+001 -0.764492813145748E+002
  0.864838118733201E+000  0.342173457689972E+001  0.473095195296486E+001 -0.764467154191039E+002
  0.869477902615247E+000  0.342339131001322E+001  0.481370256742413E+001 -0.764584025525892E+002
  0.857821248915529E+000  0.341560287048894E+001  0.478595110964992E+001 -0.764552708064728E+002
  0.864332820603845E+000  0.340207264014062E+001  0.473665625147661E+001 -0.764465502234706E+002
  0.864449137572545E+000  0.342526716573498E+001  0.463790603505125E+001 -0.764558764890605E+002
  0.858362905658602E+000  0.342832348874252E+001  0.465997115388508E+001 -0.764552010219557E+002
  0.861402802581139E+000  0.344605890247460E+001  0.477831976193702E+001 -0.764501122578239E+002
  0.872957482788741E+000  0.330990147463609E+001  0.469096336650431E+001 -0.764489332763755E+002
  0.878409799848872E+000  0.319264950734912E+001  0.472385968572655E+001 -0.764510432325342E+002
  0.863204690921110E+000  0.336026375032500E+001  0.482289210811037E+001 -0.764584134122302E+002
  0.869592693132499E+000  0.335950647169473E+001  0.468670165079585E+001 -0.764485318472883E+002
  0.854219502674231E+000  0.359922473725793E+001  0.464317914637642E+001 -0.764623929782966E+002
  0.849496789815713E+000  0.353883317625061E+001  0.468331992312126E+001 -0.764596544793971E+002
  0.856957199379778E+000  0.361141281694610E+001  0.468539825628661E+001 -0.764590014816724E+002
  0.877428917567135E+000  0.320504409110264E+001  0.468514190117918E+001 -0.764523944312059E+002
  0.862791257594246E+000  0.337291174338048E+001  0.462929445920719E+001 -0.764592878390622E+002
  0.870627391133459E+000  0.325456382953881E+001  0.468298757147468E+001 -0.764516623902779E+002
  0.860487317419933E+000  0.354420559877705E+001  0.478005073859091E+001 -0.764553063581959E+002
  0.876732823732586E+000  0.335995422308163E+001  0.466617640305896E+001 -0.764606106410925E+002
  0.866246526994927E+000  0.340942789340664E+001  0.484949908775780E+001 -0.764628310004099E+002
  0.867467023219833E+000  0.348460340762415E+001  0.481027852300368E+001 -0.764615795970515E+002
  0.858710148353465E+000  0.362088751987038E+001  0.477175645804113E+001 -0.764624098116408E+002
  0.849448529049150E+000  0.360742575460812E+001  0.480924501256843E+001 -0.764631496003918E+002
  0.847775061325263E+000  0.362536006528933E+001  0.476168381148779E+001 -0.764591621762839E+002
  0.883394692795138E+000  0.313839838624112E+001  0.471216074677806E+001 -0.764554243837186E+002
  0.857805325460526E+000  0.335257324035372E+001  0.467729370949831E+001 -0.764618006526160E+002
  0.874917995763321E+000  0.314202783380013E+001  0.479240575804650E+001 -0.764619579884347E+002
  0.850318103420181E+000  0.353383387628638E+001  0.472966821445766E+001 -0.764561245047677E+002
  0.847075424164723E+000  0.358360467040285E+001  0.472613723062214E+001 -0.764594586580238E+002
  0.878760149222638E+000  0.331640982823423E+001  0.480637986210647E+001 -0.764620181606078E+002
  0.870509062717026E+000  0.331895832266029E+001  0.478559270941251E+001 -0.764504147870077E+002
  0.870525387383775E+000  0.339091581983291E+001  0.472603876597793E+001 -0.764489526923291E+002
  0.869902165515766E+000  0.341159778813412E+001  0.465791300266718E+001 -0.764554072156826E+002
  0.860532414143204E+000  0.340148210206426E+001  0.473386634553673E+001 -0.764489658177023E+002
  0.871673906586941E+000  0.324131810723115E+001  0.481782518472646E+001 -0.764585435965450E+002
  0.870389613650867E+000  0.320696607135164E+001  0.475015458239743E+001 -0.764552988912982E+002
  0.861661534784124E+000  0.345377372790603E+001  0.475840183659270E+001 -0.764483586256345E+002
  0.885591864369676E+000  0.313958536930124E+001  0.465863928311195E+001 -0.764628033775950E+002
  0.868693771466444E+000  0.335203974084351E+001  0.479309533953101E+001 -0.764511109283014E+002
  0.871146208747063E+000  0.325703439621886E+001  0.482803919390529E+001 -0.764598303795023E+002
  0.859373715459881E+000  0.331977708985787E+001  0.471536972677414E+001 -0.764601769703836E+002
  0.855932344715136E+000  0.345496586669707E+001  0.470278656444033E+001 -0.764524040250055E+002
  0.872648085881937E+000  0.331739154836761E+001  0.473572838740975E+001 -0.764474885456847E+002
  0.874215946364551E+000  0.344141357060401E+001  0.470401958341669E+001 -0.764631612367029E+002
  0.858381547704127E+000  0.347209869143703E+001  0.480105295213452E+001 -0.764545082950153E+002
  0.869085125941512E+000  0.323797548448618E+001  0.474279059377441E+001 -0.764529227466142E+002
  0.865121063672693E+000  0.344914455107600E+001  0.475039217842046E+001 -0.764486372648733E+002
  0.880857681611745E+000  0.318478423581871E+001  0.480010920589733E+001 -0.764580439698758E+002
  0.868178825101283E+000  0.318950688717617E+001  0.473411624205295E+001 -0.764617153111694E+002
  0.860159548770824E+000  0.356613236851726E+001  0.472114628682296E+001 -0.764545500354353E+002
  0.860834467184546E+000  0.340613087531115E+001  0.483105874733341E+001 -0.764599943705680E+002
  0.854131736394468E+000  0.355067991375306E+001  0.483254664298821E+001 -0.764634616005482E+002
  0.873407388951854E+000  0.331461227845992E+001  0.472130884526084E+001 -0.764478905566496E+002
  0.869418979638930E+000  0.317976816696594E+001  0.473151436351250E+001 -0.764607886106949E+002
  0.860238761934238E+000  0.346967698577203E+001  0.484361592785608E+001 -0.764623529362666E+002
  0.868079979335650E+000  0.325262999014828E+001  0.477876495324083E+001 -0.764551647895210E+002
  0.878336811817281E+000  0.331729872851967E+001  0.471852204224460E+001 -0.764547895250488E+002
  0.846665219329705E+000  0.364719087931613E+001  0.470702152806061E+001 -0.764600998254131E+002
  0.872192992826065E+000  0.340526973046768E+001  0.469139743828409E+001 -0.764541712674503E+002
  0.870528072385388E+000  0.323252450330850E+001  0.477559153892096E+001 -0.764540365201797E+002
  0.871692331378764E+000  0.331821946476774E+001  0.480388170421623E+001 -0.764533817590636E+002
  0.870281912873736E+000  0.332244499102576E+001  0.477642431043197E+001 -0.764492835364932E+002
  0.870694872128611E+000  0.336673870039365E+001  0.467836235881596E+001 -0.764503738853323E+002
  0.852690088878083E+000  0.349503619813056E+001  0.464312402171015E+001 -0.764626928922950E+002
  0.879987828732578E+000  0.315423617029251E+001  0.475643589915409E+001 -0.764540556287119E+002
  0.868033852832248E+000  0.347498752512836E+001  0.473340518373478E+001 -0.764540109517074E+002
  0.863153191529880E+000  0.350169657172252E+001  0.470337016854672E+001 -0.764512268432877E+002
  0.864491263352924E+000  0.336596405846829E+001  0.465249108309036E+001 -0.764535146464228E+002
  0.847798325522209E+000  0.370132769112018E+001  0.474757724046544E+001 -0.764628064747016E+002
  0.856020390634255E+000  0.335692065581001E+001  0.473626716193298E+001 -0.764627540412069E+002
  0.855364635335324E+000  0.359921167680493E+001  0.481290327333984E+001 -0.764621270587377E+002
  0.855181081167584E+000  0.348164901476929E+001  0.469879882474490E+001 -0.764523148488590E+002
  0.866706327260223E+000  0.334550580006275E+001  0.472836463336177E+001 -0.764466801210139E+002
  0.864171597154280E+000  0.328742760933447E+001  0.478393408531288E+001 -0.764576806492169E+002
  0.882876413263978E+000  0.313746733110366E+001  0.481334632507431E+001 -0.764626664284653E+002
  0.855906570981461E+000  0.357483695345732E+001  0.472601371954279E+001 -0.764525218143275E+002
  0.883000658837358E+000  0.321366064413354E+001  0.479853702374894E+001 -0.764606989915345E+002
  0.871581326474910E+000  0.333573477174068E+001  0.484949255423195E+001 -0.764632508617278E+002
  0.854355607088266E+000  0.357656826246163E+001  0.466747688038715E+001 -0.764567452201068E+002
  0.872034120446770E+000  0.329552402679684E+001  0.475965449014982E+001 -0.764482811172210E+002
  0.861106859575639E+000  0.327571900032629E+001  0.471703215706188E+001 -0.764633391341795E+002
  0.870064426856784E+000  0.317865423833882E+001  0.478067805215690E+001 -0.764625640354105E+002
  0.873356002088895E+000  0.324178729694052E+001  0.482565828892216E+001 -0.764592968691681E+002
  0.868738731167613E+000  0.338392998232401E+001  0.466581265180606E+001 -0.764512951308415E+002
  0.866192941441787E+000  0.337060544616466E+001  0.460750738266561E+001 -0.764629295724702E+002
  0.859570080695931E+000  0.332611445734447E+001  0.474715501489702E+001 -0.764588296921422E+002
  0.884471096816501E+000  0.323434386412843E+001  0.473775079327416E+001 -0.764597348090030E+002
  0.856284404558100E+000  0.347221603084029E+001  0.481565900619023E+001 -0.764588141745890E+002
  0.869958566404372E+000  0.350235079329228E+001  0.475142040557889E+001 -0.764629729669593E+002
  0.873477486498975E+000  0.328626283912509E+001  0.466692064070387E+001 -0.764516948772908E+002
  0.856855085353081E+000  0.354930216321397E+001  0.464938874234854E+001 -0.764580430364370E+002
  0.857484932340526E+000  0.361855045598890E+001  0.472641129946540E+001 -0.764584187717477E+002
  0.872239817929741E+000  0.345588171190668E+001  0.471608384376299E+001 -0.764600418521296E+002
  0.867168296553418E+000  0.338830191227883E+001  0.483295934986286E+001 -0.764585756852053E+002
  0.846708148610787E+000  0.366341850588866E+001  0.469117638345842E+001 -0.764617248441671E+002
  0.858262139893387E+000  0.349629839143120E+001  0.481663793291309E+001 -0.764574265205861E+002
  0.861184044073869E+000  0.348809521245416E+001  0.482180411970603E+001 -0.764580909137085E+002
  0.887944891598076E+000  0.309947768322976E+001  0.478308651230191E+001 -0.764632738635085E+002
  0.862632516950701E+000  0.348510212816876E+001  0.469821766221187E+001 -0.764498014151249E+002
  0.864883401050009E+000  0.344964375572810E+001  0.479176487892518E+001 -0.764524835246404E+002
  0.872931208534836E+000  0.333223671625257E+001  0.466456074147771E+001 -0.764525489264556E+002
  0.856960368256218E+000  0.345994452382412E+001  0.478056046570060E+001 -0.764531959071938E+002
  0.864923045838728E+000  0.331791515839605E+001  0.483505696798401E+001 -0.764622515337238E+002
  0.876221676485541E+000  0.334354433883560E+001  0.480161949565110E+001 -0.764591630950442E+002
  0.867018678070377E+000  0.347094890633953E+001  0.479599766902983E+001 -0.764569651418501E+002
  0.882529720378295E+000  0.328808979261295E+001  0.469954684091910E+001 -0.764618562124004E+002
  0.852614938171684E+000  0.363070518739077E+001  0.473496657543589E+001 -0.764564076127872E+002
  0.865282852071107E+000  0.344710656552343E+001  0.465011322454920E+001 -0.764548528074031E+002
  0.852195669863107E+000  0.348338331230799E+001  0.475936106812370E+001 -0.764570655890758E+002
  0.873725601561469E+000  0.327167682713026E+001  0.469556164614943E+001 -0.764489011128740E+002
  0.863485708958101E+000  0.326093406841876E+001  0.477217570518678E+001 -0.764617711076732E+002
  0.884953703882410E+000  0.305979580547051E+001  0.477421573297168E+001 -0.764627460808779E+002
  0.871932162649906E+000  0.337628161074282E+001  0.464696218309998E+001 -0.764570086627639E+002
  0.866814416325204E+000  0.345165032351959E+001  0.470615147881921E+001 -0.764502232831060E+002
  0.852473386851593E+000  0.359587114652136E+001  0.477900081714121E+001 -0.764567693071799E+002
  0.869201003238888E+000  0.347464873767112E+001  0.467140330064121E+001 -0.764598369545336E+002
  0.853584030974870E+000  0.355389469227549E+001  0.467157021821597E+001 -0.764556573237210E+002
  0.855392893252578E+000  0.346029970876135E+001  0.469973636199636E+001 -0.764530653100755E+002
  0.882728897819153E+000  0.320005110574452E+001  0.482018217919920E+001 -0.764635471758466E+002
  0.879333919297815E+000  0.315969538863398E+001  0.474383415143052E+001 -0.764530906579895E+002
  0.881327800533152E+000  0.307715828941788E+001  0.478551848676023E+001 -0.764634324686925E+002
  0.873866126373862E+000  0.322932390105292E+001  0.473759247445523E+001 -0.764495330194151E+002
  0.869815634492897E+000  0.341339168067908E+001  0.464705475380085E+001 -0.764573530578488E+002
  0.860412934779151E+000  0.336670193470074E+001  0.472036060654969E+001 -0.764517849080585E+002
  0.862782920234965E+000  0.338036139258705E+001  0.463175413558975E+001 -0.764583326184833E+002
  0.853617797350782E+000  0.363902434529059E+001  0.470610730706881E+001 -0.764581988741408E+002
  0.871441764969088E+000  0.322426298518147E+001  0.474794065166953E+001 -0.764518839594714E+002
  0.849661388575134E+000  0.350845117723830E+001  0.470431532135546E+001 -0.764598540917019E+002
  0.867849945283840E+000  0.342612297069773E+001  0.465781955089738E+001 -0.764542478630098E+002
  0.869708867374890E+000  0.342980836810915E+001  0.481887464708433E+001 -0.764603063190454E+002
  0.871572550311148E+000  0.320555719664789E+001  0.469538119239225E+001 -0.764545836738820E+002
  0.856936870553156E+000  0.349283845103632E+001  0.481292713974130E+001 -0.764573459299338E+002
  0.872072341223884E+000  0.314618579833241E+001  0.470155514137318E+001 -0.764623845408101E+002
  0.861354287638894E+000  0.336270466600330E+001  0.472236654106950E+001 -0.764506767921499E+002
  0.854922228593658E+000  0.364593237249376E+001  0.468642261462518E+001 -0.764615860139549E+002
  0.865520230509128E+000  0.329668012010694E+001  0.474300187606940E+001 -0.764512993016485E+002
  0.877310085925424E+000  0.334734303325581E+001  0.467983407235109E+001 -0.764585618794655E+002
  0.875182668320992E+000  0.319862055055336E+001  0.464514560976839E+001 -0.764589005151689E+002
  0.857371520140001E+000  0.352984910316023E+001  0.482243825907297E+001 -0.764597349359317E+002
  0.852730384643382E+000  0.355900691749886E+001  0.466091992098179E+001 -0.764578597210832E+002
  0.856421245244728E+000  0.344750624230075E+001  0.466319116752247E+001 -0.764562247164742E+002
  0.850098958325525E+000  0.365119354283271E+001  0.467426565017528E+001 -0.764613489348803E+002
  0.864656830924612E+000  0.345022377647526E+001  0.478392382083929E+001 -0.764513563298570E+002
  0.852034109032951E+000  0.361854824395415E+001  0.470286890749946E+001 -0.764561107088957E+002
  0.881791337728055E+000  0.326977509803233E+001  0.471009634282417E+001 -0.764575071504275E+002
  0.877498156577108E+000  0.324758566588532E+001  0.471800472811494E+001 -0.764498480259132E+002
  0.862373295859853E+000  0.344399719566962E+001  0.465982828225344E+001 -0.764522030409936E+002
  0.862721492863201E+000  0.327114655402298E+001  0.470491731336380E+001 -0.764605094206918E+002
  0.850974272947623E+000  0.346603368947007E+001  0.471835952472474E+001 -0.764605743110486E+002
  0.881043218648470E+000  0.321672015507812E+001  0.477006644609670E+001 -0.764546648300684E+002
  0.882168651391291E+000  0.315843039240421E+001  0.479972495750301E+001 -0.764593380024440E+002
  0.866088524693179E+000  0.346942085771181E+001  0.470289507884238E+001 -0.764512366784394E+002
  0.874472521804160E+000  0.341583949996141E+001  0.467905188650445E+001 -0.764616373932159E+002
  0.855875706075769E+000  0.336390070858523E+001  0.469413748465807E+001 -0.764633963903360E+002
  0.867320320784086E+000  0.353479007695879E+001  0.470825342004786E+001 -0.764626096511002E+002
  0.878402830077099E+000  0.330249783383294E+001  0.479023122088301E+001 -0.764576578588703E+002
  0.883595967900646E+000  0.304834536614281E+001  0.472402042217960E+001 -0.764622986941631E+002
  0.867727814791400E+000  0.344684763779672E+001  0.482433450056488E+001 -0.764604470608235E+002
  0.868196203507465E+000  0.349128698522478E+001  0.471825941718185E+001 -0.764567154066022E+002
  0.867419335199755E+000  0.349186905655441E+001  0.479588117028264E+001 -0.764601603602517E+002
  0.853783388164708E+000  0.363200475065545E+001  0.479217504118657E+001 -0.764613028259349E+002
  0.869562351617336E+000  0.325757744942673E+001  0.468381079672868E+001 -0.764522539623274E+002
  0.887714552698469E+000  0.304716862722317E+001  0.473602177215673E+001 -0.764621235914141E+002
  0.858953554113373E+000  0.343305720931566E+001  0.473313417918316E+001 -0.764490972526006E+002
  0.882004936016339E+000  0.319460229953143E+001  0.479206049069793E+001 -0.764578720901146E+002
  0.853116606727655E+000  0.355487312099638E+001  0.472981860392183E+001 -0.764523632094752E+002
  0.855658650385448E+000  0.364379767628888E+001  0.475024399873561E+001 -0.764604423644853E+002
  0.856115916022168E+000  0.344909566407976E+001  0.480662911101263E+001 -0.764585310559094E+002
  0.867310491184008E+000  0.347564109633529E+001  0.466474657353670E+001 -0.764574803098203E+002
  0.861137566465124E+000  0.349940287627484E+001  0.474846402497653E+001 -0.764495326711211E+002
  0.872250807722805E+000  0.314425630181059E+001  0.471243004344423E+001 -0.764618289267776E+002
  0.867777106021358E+000  0.329580632495282E+001  0.465797818468630E+001 -0.764541021388903E+002
  0.878081392311770E+000  0.325084637923045E+001  0.465675828945624E+001 -0.764560668576355E+002
  0.877386784184554E+000  0.326273590407237E+001  0.478565763837152E+001 -0.764536094228172E+002
  0.855331560741924E+000  0.355657141616017E+001  0.479963833375988E+001 -0.764570418900570E+002
  0.860210657668994E+000  0.358155582199217E+001  0.479124399585912E+001 -0.764608562105308E+002
  0.863732439558673E+000  0.332483905763667E+001  0.469587787876417E+001 -0.764518730711517E+002
  0.851612824183247E+000  0.357901669659260E+001  0.470315142604722E+001 -0.764545417650802E+002
  0.860861533165759E+000  0.341530579075911E+001  0.463548792171627E+001 -0.764576890861962E+002
  0.863388967828223E+000  0.356827933643822E+001  0.476474758120421E+001 -0.764610590253637E+002
  0.857604474820723E+000  0.336056436858576E+001  0.478424469915420E+001 -0.764613873694085E+002
  0.865007391555280E+000  0.326806004918582E+001  0.479915647010507E+001 -0.764608262723173E+002
  0.867777133284731E+000  0.322664067476254E+001  0.467329859960810E+001 -0.764597895233087E+002
  0.862410192237014E+000  0.337672302128846E+001  0.477221277429802E+001 -0.764505631508893E+002
  0.878440883986415E+000  0.311028829746920E+001  0.477594330014578E+001 -0.764604363870205E+002
  0.882616264532539E+000  0.325988099085427E+001  0.475403247531455E+001 -0.764586303440106E+002
  0.864855271873296E+000  0.344260629940648E+001  0.474876489484427E+001 -0.764480394357307E+002
  0.865013780153737E+000  0.351495827442658E+001  0.473370387380347E+001 -0.764543965377748E+002
  0.860224258012501E+000  0.337554280518300E+001  0.479340766211998E+001 -0.764559062895963E+002
  0.873219928687079E+000  0.327965347998868E+001  0.484611975610762E+001 -0.764627444420908E+002
  0.859829776398794E+000  0.352813263723002E+001  0.466891334364332E+001 -0.764543745623368E+002
  0.889424542944262E+000  0.305919349044622E+001  0.471186760034213E+001 -0.764630008210918E+002
  0.865695963918064E+000  0.321958263637148E+001  0.469625325223705E+001 -0.764631548140869E+002
  0.850831157481625E+000  0.349632969228696E+001  0.468834315461089E+001 -0.764595755934486E+002
