  0.111503244404179E+001  0.696196458741699E+001  0.286649371884581E+002 -0.119268244890831E+003
  0.106876992742175E+001  0.769966743400397E+001  0.285872693966264E+002 -0.119265176385552E+003
  0.966783405428124E+000  0.899738921562064E+001  0.285478464070501E+002 -0.119275125169609E+003
  0.104203159623139E+001  0.833907286645271E+001  0.287738527526020E+002 -0.119267068179913E+003
  0.113522532576325E+001  0.621284423013662E+001  0.283751062713960E+002 -0.119280063230041E+003
  0.112079581515857E+001  0.772706288615009E+001  0.280334853755525E+002 -0.119278309058469E+003
  0.110752198420710E+001  0.641200690872493E+001  0.283249595283418E+002 -0.119282771012252E+003
  0.116180116422264E+001  0.621371600416126E+001  0.288086844370227E+002 -0.119277061967460E+003
  0.112782894233726E+001  0.630859739679249E+001  0.283102699492208E+002 -0.119280145895786E+003
  0.101520907060452E+001  0.849240993610630E+001  0.279292248564006E+002 -0.119280052781316E+003
  0.118155159374869E+001  0.652192703210342E+001  0.290489382869101E+002 -0.119281365582590E+003
  0.107029744763999E+001  0.750459003449041E+001  0.286154356106811E+002 -0.119266821271042E+003
  0.993713784773853E+000  0.869302191207714E+001  0.286778298913863E+002 -0.119270984431264E+003
  0.944458050824543E+000  0.917222383530600E+001  0.284312556243259E+002 -0.119281054663062E+003
  0.112480364535772E+001  0.759194206600881E+001  0.278471926150886E+002 -0.119284899919418E+003
  0.110662195344742E+001  0.761149174735922E+001  0.290869974082427E+002 -0.119274354641218E+003
  0.985731802579117E+000  0.860266704204912E+001  0.289065887109810E+002 -0.119276760438811E+003
  0.110934746260293E+001  0.800206160324856E+001  0.289787537361964E+002 -0.119276402405473E+003
  0.101683304728639E+001  0.844436145475731E+001  0.281434655379552E+002 -0.119272852086281E+003
  0.112121327266358E+001  0.839445977430000E+001  0.286586627552682E+002 -0.119286623989806E+003
  0.117189919699294E+001  0.586500967598913E+001  0.288466089080852E+002 -0.119283505750043E+003
  0.107032921271109E+001  0.714332739451777E+001  0.281117300188760E+002 -0.119279204546365E+003
  0.112998046071560E+001  0.646505556754038E+001  0.286903025033772E+002 -0.119274536797712E+003
  0.100343095400003E+001  0.784481108502715E+001  0.288553112239967E+002 -0.119283155652824E+003
  0.107382602866665E+001  0.827226627021361E+001  0.281322165236672E+002 -0.119272870419677E+003
  0.997920555434859E+000  0.932367359276344E+001  0.279806066852024E+002 -0.119284645448761E+003
  0.108325321716057E+001  0.775403254344462E+001  0.282172833872076E+002 -0.119267983093096E+003
  0.943576343623942E+000  0.907767260367834E+001  0.283570378390719E+002 -0.119283171070607E+003
  0.110308134094819E+001  0.736592583457363E+001  0.289264501985450E+002 -0.119269558332479E+003
  0.963609663632870E+000  0.981472288875185E+001  0.286084343065320E+002 -0.119280708665024E+003
  0.115733073822511E+001  0.699953298275562E+001  0.281522499076424E+002 -0.119276069723356E+003
  0.920547635044320E+000  0.952914538065752E+001  0.285790791483937E+002 -0.119285916563836E+003
  0.969077322941242E+000  0.957105492536812E+001  0.283654100799406E+002 -0.119278119100871E+003
  0.952042673534780E+000  0.898217698215586E+001  0.283964352015156E+002 -0.119280688792194E+003
  0.115431021609086E+001  0.682226281255674E+001  0.291543899063693E+002 -0.119280497985328E+003
  0.107610909312703E+001  0.683469851194047E+001  0.287559352804808E+002 -0.119280202231366E+003
  0.109921380305390E+001  0.757521978744037E+001  0.284249103023794E+002 -0.119265484365192E+003
  0.113289493004577E+001  0.701378219095673E+001  0.285325391080122E+002 -0.119267477535396E+003
  0.108431652743780E+001  0.701505023911085E+001  0.283121731007689E+002 -0.119273812572558E+003
  0.947110482640751E+000  0.942705480947328E+001  0.281592622115579E+002 -0.119283817347872E+003
  0.108569409295371E+001  0.802710593061960E+001  0.278281700505872E+002 -0.119283019936438E+003
  0.120575863780041E+001  0.666904473314253E+001  0.288942360073466E+002 -0.119285852652786E+003
  0.113052927978640E+001  0.732623932688796E+001  0.289366674076266E+002 -0.119272099155652E+003
  0.106111610481725E+001  0.901786569150141E+001  0.282596652657606E+002 -0.119283472386535E+003
  0.997500621784946E+000  0.948709902977768E+001  0.285622225975493E+002 -0.119277011851792E+003
  0.108524430098462E+001  0.862944826968808E+001  0.280337979028269E+002 -0.119286749526459E+003
  0.110472749988155E+001  0.652515396822693E+001  0.289509147305905E+002 -0.119282910351459E+003
  0.117302676817269E+001  0.671759137675221E+001  0.288433200146021E+002 -0.119275387925690E+003
  0.103581452778989E+001  0.762792510546021E+001  0.280341051281408E+002 -0.119281778483429E+003
  0.111963014509590E+001  0.715824479417984E+001  0.282075786741867E+002 -0.119270061894414E+003
  0.950004806460434E+000  0.100854995535272E+002  0.287606120415040E+002 -0.119286495249983E+003
  0.995733437683745E+000  0.866254008022364E+001  0.280519305386190E+002 -0.119278309016025E+003
  0.115290205402972E+001  0.781883581426234E+001  0.287095100203425E+002 -0.119284569557147E+003
  0.101103322979974E+001  0.930760604417219E+001  0.280743359624558E+002 -0.119282627127998E+003
  0.109687696587919E+001  0.657943571307253E+001  0.284928140734137E+002 -0.119279557313786E+003
  0.100627287283423E+001  0.784181615564268E+001  0.283616918187882E+002 -0.119280769749629E+003
  0.989322870768775E+000  0.928521271677079E+001  0.281554626430200E+002 -0.119278257079540E+003
  0.120778172163264E+001  0.612104287766861E+001  0.283044794324931E+002 -0.119281846903313E+003
  0.115239699406016E+001  0.602812629703088E+001  0.285938329997353E+002 -0.119280217814814E+003
  0.115878163457865E+001  0.645620692512557E+001  0.278908408483304E+002 -0.119286310575659E+003
  0.102514273260615E+001  0.840195948723661E+001  0.287941700275950E+002 -0.119268428502969E+003
  0.998016983696324E+000  0.852373703361465E+001  0.285743675347148E+002 -0.119270688954682E+003
  0.117933379162934E+001  0.639547762006738E+001  0.287846003192642E+002 -0.119275613152434E+003
  0.944799581977078E+000  0.100804192491814E+002  0.284326693888273E+002 -0.119285771555946E+003
  0.108005659602696E+001  0.793025531922922E+001  0.283250217836906E+002 -0.119266480307208E+003
  0.117632780071679E+001  0.662896358669596E+001  0.283445905048047E+002 -0.119274824096422E+003
  0.115950792054444E+001  0.688428081887608E+001  0.292248493438103E+002 -0.119283981204526E+003
  0.105475488689402E+001  0.886616413247742E+001  0.285940368269944E+002 -0.119274340168549E+003
  0.112619176723365E+001  0.711458984488891E+001  0.288854892926384E+002 -0.119270133552659E+003
  0.106298853773566E+001  0.873980742469226E+001  0.286745669105393E+002 -0.119273918542857E+003
  0.112448628613499E+001  0.688198503285307E+001  0.282753235711285E+002 -0.119270608402802E+003
  0.111331497826145E+001  0.658985211284805E+001  0.282177467372120E+002 -0.119278200237807E+003
  0.109150319702702E+001  0.858865327908944E+001  0.286052585825398E+002 -0.119279115547024E+003
  0.114025614555234E+001  0.794941278037061E+001  0.287850417467127E+002 -0.119283040488104E+003
  0.116142922755754E+001  0.743050319728400E+001  0.283766827099310E+002 -0.119279178617236E+003
  0.114527109072677E+001  0.707079572946762E+001  0.283079365376825E+002 -0.119270837343380E+003
  0.116310644878371E+001  0.687321402850469E+001  0.286661818757934E+002 -0.119271847830890E+003
  0.113739795702988E+001  0.756182874762456E+001  0.283624511542250E+002 -0.119273069769271E+003
  0.111536091857078E+001  0.673674678303442E+001  0.291241006871031E+002 -0.119280643406474E+003
  0.979517503466208E+000  0.863614840123341E+001  0.288755928553047E+002 -0.119277600036572E+003
  0.118501493620750E+001  0.655925153519371E+001  0.282925310994740E+002 -0.119277333386498E+003
  0.109707244629425E+001  0.814059918141831E+001  0.280482676432176E+002 -0.119278360091179E+003
  0.101638677079869E+001  0.786018635883539E+001  0.291205483849826E+002 -0.119284204440808E+003
  0.100791308036081E+001  0.803280205317606E+001  0.282712749035404E+002 -0.119277108783668E+003
  0.108145649087544E+001  0.772819366998564E+001  0.290366288742892E+002 -0.119271571319203E+003
  0.101418070992041E+001  0.881556082258231E+001  0.292511781282865E+002 -0.119282789300842E+003
  0.924820804563077E+000  0.952853377690997E+001  0.285614958537728E+002 -0.119284468088767E+003
  0.107956345592429E+001  0.732034228190244E+001  0.284992776459313E+002 -0.119267654409989E+003
  0.919784759055640E+000  0.999652017626761E+001  0.287313173704547E+002 -0.119286883264999E+003
  0.107414762016711E+001  0.893704644048117E+001  0.284679382876036E+002 -0.119283328418300E+003
  0.106441719620543E+001  0.779239858341242E+001  0.291324598021160E+002 -0.119275038390603E+003
  0.112729497087259E+001  0.696115425032713E+001  0.293139106070472E+002 -0.119284491106870E+003
  0.108515879830265E+001  0.722395276265451E+001  0.280667922477506E+002 -0.119275487117243E+003
  0.107311545132523E+001  0.758289361189580E+001  0.284881211910178E+002 -0.119265675361186E+003
  0.106803882167238E+001  0.765535472398383E+001  0.292717364174462E+002 -0.119280817006158E+003
  0.109962808904897E+001  0.648314929076061E+001  0.285609800966386E+002 -0.119281406184507E+003
  0.108536954347100E+001  0.857444315699621E+001  0.291166604929579E+002 -0.119285451594337E+003
  0.107058006760566E+001  0.828088390150509E+001  0.289638284726752E+002 -0.119271991120744E+003
  0.118977843223238E+001  0.707935958636679E+001  0.286083618524443E+002 -0.119283112627565E+003
  0.104448023001997E+001  0.892839010424686E+001  0.280502585184953E+002 -0.119281422013329E+003
  0.972275380290370E+000  0.881238937335939E+001  0.288692961497664E+002 -0.119277823153572E+003
  0.995538293114512E+000  0.814500125430661E+001  0.287133988159680E+002 -0.119277594511765E+003
  0.101140282398305E+001  0.871044406661488E+001  0.290892795232258E+002 -0.119276623028249E+003
  0.104277504907646E+001  0.895801199397130E+001  0.287541024541122E+002 -0.119274651529898E+003
  0.101083355103657E+001  0.799314328753994E+001  0.292110429591611E+002 -0.119286708385907E+003
  0.971706964548023E+000  0.902954867422412E+001  0.290183602872810E+002 -0.119280095337315E+003
  0.107854882997490E+001  0.753388292753704E+001  0.291614934717949E+002 -0.119276460710827E+003
  0.109156204302259E+001  0.743915327280698E+001  0.284315114428817E+002 -0.119265624960221E+003
  0.101346516259316E+001  0.855102368115487E+001  0.290030494539560E+002 -0.119273822268436E+003
  0.100714411714216E+001  0.869286615800402E+001  0.278746112481139E+002 -0.119283199388959E+003
  0.110040869922876E+001  0.813686008867344E+001  0.280468897626503E+002 -0.119279281173912E+003
  0.117406589510958E+001  0.610711554951236E+001  0.290227147040049E+002 -0.119282766495658E+003
  0.996529649721075E+000  0.970605347650192E+001  0.288366097845106E+002 -0.119284330076841E+003
  0.116924043483599E+001  0.663853005689070E+001  0.281319822188886E+002 -0.119277830435148E+003
  0.993327770024520E+000  0.961772116633304E+001  0.283662952808804E+002 -0.119280587374073E+003
  0.101299082985019E+001  0.892042021891646E+001  0.291747498915219E+002 -0.119280717924807E+003
  0.118973073587745E+001  0.664964234768105E+001  0.285776819848945E+002 -0.119276836224275E+003
  0.104976526438974E+001  0.759175953237065E+001  0.279905572213530E+002 -0.119279767976287E+003
  0.108753594259222E+001  0.709416755448768E+001  0.287579436284277E+002 -0.119270910737147E+003
  0.958637520409349E+000  0.966316593913029E+001  0.283185205286213E+002 -0.119280332012903E+003
  0.104862243393748E+001  0.808861284573521E+001  0.286375378986639E+002 -0.119265368328688E+003
  0.113586288431176E+001  0.709223317411630E+001  0.292356075573620E+002 -0.119281388830179E+003
  0.995769707114015E+000  0.907609789843721E+001  0.289177259955039E+002 -0.119274847519017E+003
  0.120230289502674E+001  0.691480421410083E+001  0.286969768462615E+002 -0.119285981289904E+003
  0.109789539672960E+001  0.813029973865767E+001  0.281017530605840E+002 -0.119276746424826E+003
  0.101948576407768E+001  0.883850912288665E+001  0.283843400821472E+002 -0.119269585554802E+003
  0.118965750831072E+001  0.666235007960361E+001  0.280525192451093E+002 -0.119285163499450E+003
  0.108376056146844E+001  0.675991173239828E+001  0.288816327839792E+002 -0.119281561380006E+003
  0.118649194433063E+001  0.657834729249183E+001  0.284116692698268E+002 -0.119276207116827E+003
  0.100699872999697E+001  0.777523259447153E+001  0.286649473477022E+002 -0.119281202594070E+003
  0.116411425506076E+001  0.598397758311341E+001  0.290510449936678E+002 -0.119286426821987E+003
  0.104487911067320E+001  0.758184174105307E+001  0.288324100185754E+002 -0.119273448390954E+003
  0.105287071673771E+001  0.871235509582792E+001  0.291823439723975E+002 -0.119282162337362E+003
  0.992115858463559E+000  0.949744968614115E+001  0.281591809662732E+002 -0.119281728216540E+003
  0.106103192174927E+001  0.748954370490367E+001  0.278703113988664E+002 -0.119283576126495E+003
  0.108092685839363E+001  0.816286685451112E+001  0.280885200874686E+002 -0.119273856381503E+003
  0.114509346100334E+001  0.645269633302659E+001  0.291461466005314E+002 -0.119282710677164E+003
  0.110640490199079E+001  0.681782046209293E+001  0.280182587047320E+002 -0.119280309113328E+003
  0.109037028190405E+001  0.688938624313684E+001  0.286123178084207E+002 -0.119273248720807E+003
  0.108919968154876E+001  0.856227002433769E+001  0.287789524031432E+002 -0.119278811624867E+003
  0.120933032079418E+001  0.596228351932655E+001  0.281292687487851E+002 -0.119286600845826E+003
  0.998721399541673E+000  0.777376548764104E+001  0.283445385093015E+002 -0.119286636462774E+003
  0.944070361286887E+000  0.912673228934617E+001  0.287299034835490E+002 -0.119281837106016E+003
  0.995633967571791E+000  0.844931528612238E+001  0.281882669734619E+002 -0.119276300524627E+003
  0.946001172081433E+000  0.960045044074926E+001  0.280776901204550E+002 -0.119286812344169E+003
  0.101072707837538E+001  0.928365404245346E+001  0.284632499564623E+002 -0.119274896519141E+003
  0.112492883297781E+001  0.755011296398490E+001  0.281256204726903E+002 -0.119274230564248E+003
  0.113823961673450E+001  0.651383278105975E+001  0.280967648297517E+002 -0.119278786544428E+003
  0.118705648443429E+001  0.579272054433228E+001  0.288828337291461E+002 -0.119284391988891E+003
  0.111184425712054E+001  0.624169892639982E+001  0.284818305809853E+002 -0.119285240483035E+003
  0.998859906643571E+000  0.890337726569874E+001  0.284532312703443E+002 -0.119270055259690E+003
  0.121471304457870E+001  0.598917324884863E+001  0.289590395411895E+002 -0.119285987180610E+003
  0.112212695471020E+001  0.797967719377610E+001  0.289986436780883E+002 -0.119280530933402E+003
  0.116032265171108E+001  0.748556791436033E+001  0.281080767096197E+002 -0.119285402857814E+003
  0.990954192519071E+000  0.895517513766043E+001  0.287331637071590E+002 -0.119271628722048E+003
  0.947824537554794E+000  0.921263326753490E+001  0.290255890658165E+002 -0.119285404475790E+003
  0.988915602089986E+000  0.955972567356793E+001  0.290476950643348E+002 -0.119284469641296E+003
  0.121492920696786E+001  0.593593529753554E+001  0.286197672093882E+002 -0.119281739078387E+003
  0.108309929957183E+001  0.699043513529020E+001  0.291175327544610E+002 -0.119282044759071E+003
  0.114581992265671E+001  0.643645483753828E+001  0.291494606622009E+002 -0.119283014785176E+003
  0.108025865019987E+001  0.851044517726729E+001  0.287232437494494E+002 -0.119273915341557E+003
  0.101584743214731E+001  0.894834829674221E+001  0.279334495026494E+002 -0.119282052838604E+003
  0.998676030673850E+000  0.876899429547552E+001  0.282429546988672E+002 -0.119272564409468E+003
  0.977649934707194E+000  0.951082583881632E+001  0.289259922756961E+002 -0.119279989610091E+003
  0.103588020458227E+001  0.772178355516019E+001  0.281131280220307E+002 -0.119277398121313E+003
  0.120542707838842E+001  0.636890204910389E+001  0.289531946968846E+002 -0.119284067719883E+003
  0.118207111191773E+001  0.668432855552027E+001  0.285171118670772E+002 -0.119274999234673E+003
  0.109266466298563E+001  0.740927008886553E+001  0.282490621537584E+002 -0.119268150495325E+003
  0.950308019698900E+000  0.942696735730493E+001  0.288101536027864E+002 -0.119279778242343E+003
  0.111316989397540E+001  0.644114873572404E+001  0.284883691632119E+002 -0.119278529865572E+003
  0.108822555420139E+001  0.776233791186652E+001  0.279807065029129E+002 -0.119275038010420E+003
  0.103636110783642E+001  0.907731634580270E+001  0.291049433935667E+002 -0.119283576767194E+003
  0.100874970608652E+001  0.857049737502751E+001  0.290522565920180E+002 -0.119275775707199E+003
  0.100430571889669E+001  0.821522519738261E+001  0.288836630034425E+002 -0.119275726965291E+003
  0.924574136769466E+000  0.968129988208611E+001  0.283772288254588E+002 -0.119285243292176E+003
  0.112552822209721E+001  0.807512050317447E+001  0.288421801515386E+002 -0.119280839733457E+003
  0.115359863521827E+001  0.722301602159101E+001  0.289731030167533E+002 -0.119277140425548E+003
  0.968231970211385E+000  0.931520597702433E+001  0.286257724051483E+002 -0.119274835895282E+003
  0.122672607045406E+001  0.608685154356826E+001  0.285841656229148E+002 -0.119284706975327E+003
  0.100234719267847E+001  0.912991624958593E+001  0.286483831854233E+002 -0.119271690833061E+003
  0.110989983259953E+001  0.838151552747863E+001  0.281740152432937E+002 -0.119285430883364E+003
  0.112366423451182E+001  0.657728956839873E+001  0.283300897458156E+002 -0.119274416884568E+003
  0.100986520072815E+001  0.901560538156272E+001  0.281412219199362E+002 -0.119275710421687E+003
  0.105621955632456E+001  0.807741478342368E+001  0.281173533174036E+002 -0.119270657170828E+003
  0.105187876912824E+001  0.725872738952455E+001  0.290328069547338E+002 -0.119282759428163E+003
  0.117354237657956E+001  0.621015005752557E+001  0.282018383764358E+002 -0.119279150720440E+003
  0.110097415985245E+001  0.784531081214584E+001  0.281697405165304E+002 -0.119271434633759E+003
  0.101853515040679E+001  0.758168333994186E+001  0.282895469096427E+002 -0.119283496542773E+003
  0.100194405755706E+001  0.820997388132054E+001  0.284672751158977E+002 -0.119273654930098E+003
  0.105385349691785E+001  0.846131658933027E+001  0.284645296553316E+002 -0.119267194222794E+003
  0.102610775224513E+001  0.832009787498509E+001  0.280644990224344E+002 -0.119274253693584E+003
  0.109420890736345E+001  0.708001973585084E+001  0.290849045301543E+002 -0.119277071426266E+003
  0.119386657462370E+001  0.622705224387008E+001  0.289355525738551E+002 -0.119280993696794E+003
  0.115775166788832E+001  0.617067299947557E+001  0.279939035595899E+002 -0.119286540301029E+003
  0.110720867047883E+001  0.636728176493102E+001  0.289602797872602E+002 -0.119287010391646E+003
  0.108701859364909E+001  0.746240877399262E+001  0.280907058368698E+002 -0.119271940527381E+003
  0.102231190786188E+001  0.903993242678177E+001  0.278649785496015E+002 -0.119286917427603E+003
  0.987361035570280E+000  0.918324763661715E+001  0.285968708067238E+002 -0.119272216420051E+003
  0.123460286876731E+001  0.588315413111680E+001  0.284781532126050E+002 -0.119286769613235E+003
  0.112201426775324E+001  0.732284172577536E+001  0.281629309969243E+002 -0.119271212228295E+003
