  0.100000000000000E+001  0.754400515151365E+003 -0.327089237812618E+001  0.550679217042116E+000  0.157694616195237E+002
  0.100000000000000E+001  0.816287604509093E+003  0.339690709117950E+001 -0.102199778232708E+003  0.174964721624235E+002
  0.100000000000000E+001  0.275222233625027E+003 -0.443330044995577E+000  0.657043888658754E+002  0.814809672961218E+002
  0.100000000000000E+001  0.348998710517867E+003 -0.359370171002962E+001 -0.983382846874536E+002  0.999885981060259E+002
  0.100000000000000E+001  0.270733338306541E+003 -0.113115475614687E+001  0.154165612259796E+002  0.797247240584445E+002
  0.100000000000000E+001  0.436780277782995E+003  0.192874184737117E+001 -0.482039617927951E+001  0.872386150235812E+001
  0.100000000000000E+001  0.308764419529676E+003  0.542850024770164E+000 -0.980031665126212E+002  0.121153280397632E+003
  0.100000000000000E+001  0.265953614860188E+003 -0.105821288780660E+001 -0.130288542329741E+001  0.559111362255493E+002
  0.100000000000000E+001  0.593724605309419E+003  0.219060275507126E+001 -0.117240043949060E+003  0.295666002867183E+002
  0.100000000000000E+001  0.279378388619281E+003 -0.331828850843271E+001  0.947992229491171E+002  0.882826598666824E+002
  0.100000000000000E+001  0.435126113297415E+003 -0.295071053637604E+001 -0.767090610850910E+002  0.508229177784132E+002
  0.100000000000000E+001  0.284363211886446E+003  0.183486116689556E+001 -0.613480551552849E+002  0.892775528931614E+002
  0.100000000000000E+001  0.315868920448513E+004  0.411762512882258E+001  0.805734479129026E+002  0.106594730097742E+002
  0.100000000000000E+001  0.927266808229475E+003  0.267850628524474E+001  0.119889472329484E+003  0.252882107527857E+002
  0.100000000000000E+001  0.275637103387018E+003  0.161045769756989E+001 -0.485499368032127E+002  0.717781163355047E+002
  0.100000000000000E+001  0.278040277919300E+003  0.357588546473952E+001 -0.354325937693392E+002  0.967119503908293E+002
  0.100000000000000E+001  0.269907712288608E+003  0.973785928583439E+000  0.925942832066778E+001  0.831105176911794E+002
  0.100000000000000E+001  0.287967050864248E+003 -0.325120239501627E+001  0.374177866042054E+002  0.115291345478030E+003
  0.100000000000000E+001  0.314404538687412E+003 -0.112340653257133E+000 -0.101770028911299E+003  0.112846233337358E+003
  0.100000000000000E+001  0.308116724253480E+003  0.136642041034600E+001  0.115378817041560E+003  0.114515409523503E+003
  0.100000000000000E+001  0.558369021760878E+004  0.144882889028639E+001  0.151381867243910E+001  0.193641774535256E+001
  0.100000000000000E+001  0.284261880250909E+003  0.276982616377927E+001  0.425084382593632E+002  0.924288612673309E+002
  0.100000000000000E+001  0.275934696312854E+003  0.342426911154071E+000  0.605981501277292E+002  0.804300958117749E+002
  0.100000000000000E+001  0.144583460023449E+004 -0.292987806354220E+001 -0.973243374848331E+002  0.227788010450380E+002
  0.100000000000000E+001  0.262822727072374E+003  0.437948197601841E+001 -0.571325088572904E+002  0.551853394046136E+002
  0.100000000000000E+001  0.329655733297648E+003  0.371080688295134E+001  0.871352877966177E+002  0.693709144145835E+002
  0.100000000000000E+001  0.285368502386577E+003  0.273509572054212E+001 -0.239425082325542E+002  0.115278097375168E+003
  0.100000000000000E+001  0.320859671978198E+003  0.290213942832751E+001 -0.910046896312678E+002  0.446604456408633E+002
  0.100000000000000E+001  0.311416749300778E+003 -0.141013074723143E+001  0.556451065734819E+002  0.170970730156604E+002
  0.100000000000000E+001  0.292049285045631E+004 -0.239334269903843E+001  0.110907633074378E+003  0.674753487400277E+001
  0.100000000000000E+001  0.272830234599322E+003 -0.304676695674117E+001  0.284212954767966E+002  0.716444847738051E+002
  0.100000000000000E+001  0.282984614544564E+003 -0.388092751803798E+001  0.570083309152243E+002  0.102286786006875E+003
  0.100000000000000E+001  0.297208011613565E+003  0.336139344356580E+001  0.651476532640746E+002  0.882051643631646E+002
  0.100000000000000E+001  0.280370635462111E+003  0.317131951534736E+001 -0.707015804654582E+002  0.818349161736791E+002
  0.100000000000000E+001  0.331083622866555E+004  0.184323762837652E+001  0.662434326995449E+002  0.657028049061703E+001
  0.100000000000000E+001  0.202212982064539E+007 -0.280041180107340E+001 -0.321636051869749E+002  0.342400746691237E+000
  0.100000000000000E+001  0.285413003854925E+003 -0.475618435072374E+001  0.106739157965291E+003  0.102064528879218E+003
  0.100000000000000E+001  0.337064299362334E+003 -0.115058814506035E+001 -0.701142411651801E+002  0.594506637159855E+002
  0.100000000000000E+001  0.263468743084556E+003  0.412288994606811E+001 -0.530611270932590E+002  0.597469947528219E+002
  0.100000000000000E+001  0.289472475530080E+003 -0.283756043678868E+001  0.535034480544252E+002  0.217045466423309E+002
  0.100000000000000E+001  0.255334190511899E+003  0.119388607227488E+001 -0.145525424605921E+001  0.577652043151017E+002
  0.100000000000000E+001  0.311723985525837E+003  0.446019152748874E+001  0.768010639378410E+002  0.960103442117138E+002
  0.100000000000000E+001  0.262308831611866E+003  0.108155855445063E+001 -0.680434262202775E+001  0.677124489011626E+002
  0.100000000000000E+001  0.113407777002642E+004  0.275487256652826E+001  0.108751959569568E+003  0.205580353903807E+002
  0.100000000000000E+001  0.258605128345183E+003 -0.152541147002204E+001  0.181284406215959E+002  0.343050806860687E+002
  0.100000000000000E+001  0.248192692648823E+004 -0.330723406321209E+001 -0.442259748939328E+002  0.119980917183845E+002
  0.100000000000000E+001  0.297010024621292E+003 -0.384209243362366E+001 -0.812810609547543E+001  0.103593727930885E+003
  0.100000000000000E+001  0.252795074682684E+003 -0.500690171710587E+000  0.105966485158503E+002  0.476128937813355E+002
  0.100000000000000E+001  0.316631690364249E+003 -0.120876491039405E+001 -0.837791390428621E+002  0.951927305470650E+002
  0.100000000000000E+001  0.306421241275061E+003  0.442903403636579E+001  0.408417556669559E+002  0.536657629761018E+002
  0.100000000000000E+001  0.333373793244608E+003 -0.263639181155867E+001 -0.102611684154372E+003  0.113467875814838E+003
  0.100000000000000E+001  0.321007689772903E+003 -0.723397733906281E+000 -0.106409364631318E+003  0.112412315646259E+003
  0.100000000000000E+001  0.394291586416647E+003 -0.477578398210354E+001 -0.901776422537406E+002  0.784162026861452E+002
  0.100000000000000E+001  0.293350285375299E+003 -0.158184955969204E+001 -0.288806048440967E+002  0.108983920061655E+003
  0.100000000000000E+001  0.268156914847559E+003 -0.284345943854114E+001  0.321982029013437E+002  0.648796881042499E+002
  0.100000000000000E+001  0.343601611027632E+003 -0.476649495201973E+001 -0.427649511716775E+002  0.738817331765968E+002
  0.100000000000000E+001  0.464206570830966E+004 -0.672827993920481E+000  0.937926967222477E+002  0.531477171894829E+001
  0.100000000000000E+001  0.277755694623841E+003  0.956233144928889E+000  0.601821693863952E+002  0.779533175116390E+002
  0.100000000000000E+001  0.281714461910667E+003  0.147259070442509E+001  0.119183407825290E-001  0.107715484597583E+003
  0.100000000000000E+001  0.248162997619511E+003  0.271565018807245E+001 -0.132519649902509E+002  0.448992462010455E+002
  0.100000000000000E+001  0.149467875669732E+004 -0.145569667421655E+001 -0.123568468331704E+002  0.848196806852525E+001
  0.100000000000000E+001  0.310117379806205E+003 -0.393914930720173E+001 -0.381763895150990E+002  0.108427742869561E+003
  0.100000000000000E+001  0.309482539504762E+003 -0.219127010792491E+001  0.933785298341039E+002  0.303170341713103E+002
  0.100000000000000E+001  0.281686848690887E+003 -0.145963242244057E+001  0.145502766417912E+002  0.102406771775773E+003
  0.100000000000000E+001  0.338973316986334E+003  0.338169235193452E+001  0.937850297922762E+002  0.651447637285794E+002
  0.100000000000000E+001  0.270832322685528E+003 -0.156292889742686E+000  0.647725484328481E+002  0.408121055593423E+002
  0.100000000000000E+001  0.260605688098743E+003  0.233701062145345E+001 -0.418157389730072E+001  0.658345620237477E+002
  0.100000000000000E+001  0.112859871226126E+004  0.229650773412159E+001  0.238463361691843E+002  0.690066463973327E+001
  0.100000000000000E+001  0.118555843558859E+004  0.329491555104319E+001  0.168344890146797E+002  0.767354334989977E+001
  0.100000000000000E+001  0.263126896995658E+003 -0.549366989145542E+000  0.630053489328724E+002  0.465263825606729E+002
  0.100000000000000E+001  0.104575559430730E+005  0.291532576622270E+001  0.104342061251703E+003  0.608586401924877E+001
  0.100000000000000E+001  0.301698512663169E+003 -0.240090174777463E+001 -0.316967709880782E+002  0.689334501472052E+002
  0.100000000000000E+001  0.407083429502765E+003 -0.443493218016017E+001 -0.965590127257060E+002  0.748100401429113E+002
  0.100000000000000E+001  0.323278338472953E+003 -0.321600842817179E+001 -0.435490566810800E+002  0.707172806963487E+002
  0.100000000000000E+001  0.371419750036430E+003 -0.414015276092303E+001 -0.687095577422294E+002  0.705636497800835E+002
  0.100000000000000E+001  0.288479302798294E+003  0.223616444803848E+001  0.625416756403923E+002  0.899937327795679E+002
  0.100000000000000E+001  0.279415657601321E+003  0.302879397974632E+001  0.185263042535246E+002  0.937431598594398E+002
  0.100000000000000E+001  0.288712074665706E+003 -0.460767545109189E+001  0.118416075095052E+003  0.106825392723299E+003
  0.100000000000000E+001  0.314482766074210E+003 -0.109129372170811E+001 -0.622166663543857E+002  0.672464607326086E+002
  0.100000000000000E+001  0.280624893607628E+003  0.424979783940708E+001  0.187696016312259E+002  0.507104416294362E+002
  0.100000000000000E+001  0.289817626997363E+003  0.466310445846519E+001 -0.766452522002382E+001  0.278341669704453E+002
  0.100000000000000E+001  0.118276652628862E+005  0.388913124575806E+000  0.107977994352118E+002  0.136198341929659E+001
  0.100000000000000E+001  0.667160874422345E+004 -0.838762457281448E+000 -0.573906200131063E+002  0.585608375195670E+001
  0.100000000000000E+001  0.286469901326952E+003 -0.716046429075516E+000  0.663623587479198E+002  0.112023696854818E+003
  0.100000000000000E+001  0.289927523498844E+003  0.166900125594507E+001 -0.492494143864036E+002  0.116521986356503E+003
  0.100000000000000E+001  0.140296074004376E+004 -0.331372701204469E+001 -0.110843006397840E+003  0.258868110264001E+002
  0.100000000000000E+001  0.257225141918591E+005  0.201934654537932E+001 -0.698143585257500E+002  0.225184541132087E+001
  0.100000000000000E+001  0.309386831078615E+003  0.987792711383398E+000 -0.543643118854285E+002  0.386334429342876E+002
  0.100000000000000E+001  0.121708706413328E+006 -0.299463870158329E+001 -0.412906754687757E+002  0.155380426133918E+001
  0.100000000000000E+001  0.336838419478516E+003 -0.402162763646087E+001 -0.600450000474786E+002  0.840682772636718E+002
  0.100000000000000E+001  0.302124088340099E+003  0.355974070069234E+001  0.687252790433582E+002  0.120728687639401E+003
  0.100000000000000E+001  0.280955092744066E+003 -0.389836272669949E+001  0.227480650066892E+002  0.650099062326490E+002
  0.100000000000000E+001  0.250642164058698E+003  0.287570088558145E+001 -0.324575857719176E+002  0.385053682770532E+002
  0.100000000000000E+001  0.294073584344137E+003 -0.109464896698872E+001  0.112783907314278E+003  0.100138601908540E+003
  0.100000000000000E+001  0.253528360496771E+003 -0.946076185052398E+000  0.275126839429300E+002  0.521117172294239E+002
  0.100000000000000E+001  0.287258292108013E+003  0.374461537611307E+001  0.393283387374588E+002  0.630687928351274E+002
  0.100000000000000E+001  0.321422487326623E+003  0.527492021640331E+000  0.220091518669466E+002  0.121215236626264E+002
  0.100000000000000E+001  0.285895978571961E+003  0.159869891841391E+001 -0.633293231262910E+002  0.876236629580339E+002
  0.100000000000000E+001  0.964090977271817E+003  0.135951013917918E+001 -0.976877830999592E+002  0.190729901435980E+002
  0.100000000000000E+001  0.290445293312794E+003  0.256039862127766E+001 -0.174272265355489E+002  0.150236307693878E+002
  0.100000000000000E+001  0.144212273070192E+004  0.462018364476625E+001 -0.108348542835967E+003  0.114549000589592E+002
  0.100000000000000E+001  0.294702481270991E+003  0.621557844350497E+000 -0.583939800892279E+002  0.115742937486650E+003
  0.100000000000000E+001  0.268283086436430E+003  0.143732514306745E+001 -0.313327725941446E+002  0.690355085488645E+002
  0.100000000000000E+001  0.273156323125387E+003 -0.287701865925786E+001  0.250363160906669E+002  0.726000682437863E+002
  0.100000000000000E+001  0.258429137749331E+006 -0.480904727973558E+001 -0.389304733523789E+002  0.129166307169956E+001
  0.100000000000000E+001  0.323915749939905E+003 -0.143080027909348E+001 -0.479056599582008E+002  0.522216778462489E+002
  0.100000000000000E+001  0.285212884206569E+003 -0.319114334077970E+001  0.939990929404659E+002  0.104841663649143E+003
  0.100000000000000E+001  0.272349613665458E+003  0.115788511382722E+001 -0.381233263595832E+002  0.683912707557419E+002
  0.100000000000000E+001  0.301611770839155E+003  0.341828399529168E+001 -0.115635512664253E+003  0.109925681849751E+003
  0.100000000000000E+001  0.300243437437794E+003  0.115334736602749E+001  0.929713989917205E+002  0.702759265107717E+002
  0.100000000000000E+001  0.301269461033949E+003  0.345147382701430E+001 -0.493119649096671E+002  0.215130989513348E+002
  0.100000000000000E+001  0.298243494931083E+003 -0.338132515875700E+001  0.346651873642628E+002  0.286001366276467E+002
  0.100000000000000E+001  0.328529104513516E+003  0.460167010148315E+001 -0.861874294171810E+002  0.298046464348209E+002
  0.100000000000000E+001  0.339658599620052E+003  0.341898795040705E+001  0.806900949767382E+002  0.558883025477378E+002
  0.100000000000000E+001  0.287697621863229E+003 -0.252260999683764E+001 -0.758011858009579E+001  0.576794232562007E+002
  0.100000000000000E+001  0.169401054310324E+004  0.191763874497985E+001  0.430428899043266E+002  0.689227099883232E+001
  0.100000000000000E+001  0.292900472453887E+003 -0.362768356812565E+001  0.368500776552068E+001  0.107725632579143E+003
  0.100000000000000E+001  0.392963993317881E+003 -0.379524933382898E+001 -0.373172849838337E+002  0.464675350169168E+002
  0.100000000000000E+001  0.290131205011268E+003  0.195254352970106E+001 -0.696759222449354E+002  0.102973038027338E+003
  0.100000000000000E+001  0.343913201256484E+003 -0.153337849364108E+000 -0.113120969697673E+003  0.779351625818852E+002
  0.100000000000000E+001  0.531040964648992E+003 -0.272518005057222E+001 -0.101609885486504E+003  0.474028192370563E+002
  0.100000000000000E+001  0.270202513872034E+003  0.316170531350564E+001  0.243203405022346E+002  0.569163584413010E+002
  0.100000000000000E+001  0.277605933948500E+003 -0.411783867770027E+001  0.906794849792255E+002  0.352218202593762E+002
  0.100000000000000E+001  0.351361572626253E+003  0.366687318271395E+001  0.446574015532405E+002  0.340613131392569E+002
  0.100000000000000E+001  0.317955355694994E+003  0.440577357018231E+001  0.896787220680300E+002  0.999259601728854E+002
  0.100000000000000E+001  0.292552737308643E+003  0.473400770897016E+000 -0.482496654339257E+002  0.115489475780461E+003
  0.100000000000000E+001  0.275739374708464E+003 -0.284985752396625E+001  0.252331002192708E+002  0.805446055457508E+002
  0.100000000000000E+001  0.673851438620066E+003  0.233362910109280E+001  0.805198187207971E+002  0.214353925779961E+002
  0.100000000000000E+001  0.302403943266080E+003 -0.734123835430013E+000 -0.650415260152364E+002  0.115829769437979E+003
  0.100000000000000E+001  0.743707057195849E+003  0.135228127431021E+001 -0.916289016229994E+002  0.214643414282027E+002
  0.100000000000000E+001  0.140648970242732E+004 -0.424671680718163E+000 -0.475618282495258E+002  0.113979719275507E+002
  0.100000000000000E+001  0.280394180095897E+003 -0.377046639515881E+000 -0.100668809892056E+002  0.964358311122254E+002
  0.100000000000000E+001  0.277142456977110E+003  0.911481672772595E+000 -0.267925070062114E+002  0.888630221663371E+002
  0.100000000000000E+001  0.265109302182101E+003 -0.374320943173753E+001  0.810153256015921E+002  0.542694196675664E+002
  0.100000000000000E+001  0.289328637387725E+003 -0.129001025625895E+001 -0.320745703763721E+002  0.900601264461417E+002
  0.100000000000000E+001  0.284043102000390E+003  0.241430968447096E+001 -0.304972631160296E+002  0.110539118099480E+003
  0.100000000000000E+001  0.281342062037494E+003 -0.339416279145576E+000  0.878518575217700E+001  0.104902965928270E+003
  0.100000000000000E+001  0.317635586894880E+003 -0.406193256446914E+001 -0.237932925948335E+002  0.693342409701216E+002
  0.100000000000000E+001  0.281957508072850E+003  0.272917210466063E+001 -0.733068270974088E+002  0.697933496732178E+002
  0.100000000000000E+001  0.353670570229176E+003  0.355651417705930E+001  0.594001479458197E+002  0.402988131901248E+002
  0.100000000000000E+001  0.286820448508581E+003  0.219925082354236E+000 -0.503993948193404E+002  0.780838780454565E+002
  0.100000000000000E+001  0.357180179878682E+003  0.394634156421048E+001  0.605766487791818E+002  0.430821112540062E+002
  0.100000000000000E+001  0.284318197579880E+003  0.153845256329816E+000  0.648643190897476E+002  0.102196667417196E+003
  0.100000000000000E+001  0.834438793632106E+003 -0.171147107905428E+001 -0.135485606753625E+002  0.129226743270173E+002
  0.100000000000000E+001  0.336480785027303E+003  0.444630929199363E+001 -0.935297183066579E+002  0.326753773125505E+002
  0.100000000000000E+001  0.286341198820916E+003 -0.465772570068115E+001  0.112863840538565E+003  0.102172899348994E+003
  0.100000000000000E+001  0.282238341294884E+003  0.461170604952396E+001 -0.289124239009467E+002  0.105045043465851E+003
  0.100000000000000E+001  0.307371152567848E+003  0.255359238997655E+001  0.979100486739387E+002  0.119074039583847E+003
  0.100000000000000E+001  0.291741309893607E+003 -0.378268315750202E+001  0.480172906695469E+001  0.100056121310301E+003
  0.100000000000000E+001  0.266003116032984E+003  0.268000243840644E+001 -0.140502170619431E+002  0.748168078451071E+002
  0.100000000000000E+001  0.284708659064684E+003  0.279103332115172E+001  0.390740488810966E+002  0.430950418511979E+002
  0.100000000000000E+001  0.286641603093940E+003  0.454844363460649E+001  0.793798862403750E+001  0.105935275303427E+003
  0.100000000000000E+001  0.285497392237225E+003  0.286966241830365E+001  0.729179790930775E+001  0.113744465242377E+003
  0.100000000000000E+001  0.694964544278487E+004  0.414466294795093E+001 -0.544582796342418E+001  0.268504395485054E+001
  0.100000000000000E+001  0.282050949091196E+003 -0.240773694599835E+001  0.870032437346588E+002  0.970239586768770E+002
  0.100000000000000E+001  0.283386039028316E+003  0.264033732874455E+001  0.508834584524005E+002  0.737141427886139E+002
  0.100000000000000E+001  0.326376811882698E+003 -0.376769814578341E+001 -0.563774725112996E+002  0.887981048792529E+002
  0.100000000000000E+001  0.281290082285745E+003 -0.259308753938182E+001  0.160741617310336E+001  0.562774011144275E+002
  0.100000000000000E+001  0.283599104650337E+003 -0.221392364626844E+001  0.880416950152704E+002  0.100020563641688E+003
  0.100000000000000E+001  0.251572158460062E+003  0.402316931084208E+001 -0.365261744159735E+002  0.346177888897986E+002
  0.100000000000000E+001  0.292670504012522E+003 -0.294589839274446E+001  0.111164217381688E+003  0.118104632295255E+003
  0.100000000000000E+001  0.266047314486571E+003  0.338692647160914E+001 -0.361724617571698E+002  0.715776582081726E+002
  0.100000000000000E+001  0.271479337231564E+003  0.256903549135132E+001 -0.121302586171422E+002  0.852703475155335E+002
  0.100000000000000E+001  0.286945696447716E+003 -0.245607936153297E+001 -0.103434941015504E+002  0.861587072148068E+002
  0.100000000000000E+001  0.262829463492699E+003  0.377098984436615E+001 -0.278438911319688E+002  0.666372533192659E+002
  0.100000000000000E+001  0.302614916054788E+003  0.827375439048780E+000 -0.645452439251206E+002  0.528555097143398E+002
  0.100000000000000E+001  0.257091408728538E+003  0.276696904823256E+001  0.130437080760358E+002  0.367768500006140E+002
  0.100000000000000E+001  0.275475379068875E+003 -0.208056645925963E+001  0.931231392867088E+002  0.664908637576338E+002
  0.100000000000000E+001  0.292101450027060E+003  0.346546418718507E+000  0.942275991184767E+002  0.752111102166801E+002
  0.100000000000000E+001  0.292823297025073E+003 -0.291274297121571E+001  0.117590672713742E+003  0.113484179854069E+003
  0.100000000000000E+001  0.519031949232272E+003  0.411434937790336E+001  0.543855379046663E+002  0.261645425759823E+002
  0.100000000000000E+001  0.879137105910431E+004  0.357435876379631E+001  0.511497369061568E+002  0.440407513240837E+001
  0.100000000000000E+001  0.264631823191040E+003  0.223131470680158E+001 -0.239044000148463E+001  0.728242882513986E+002
  0.100000000000000E+001  0.863636771430929E+003  0.114192847627287E+001  0.953411126672020E+002  0.178893246010727E+002
  0.100000000000000E+001  0.360032985994364E+003 -0.453418399368275E+001 -0.744712282098057E+002  0.833383517644646E+002
  0.100000000000000E+001  0.322615191077644E+003 -0.431674581562853E+001 -0.262998830552370E+002  0.707777195109710E+002
  0.100000000000000E+001  0.270130536298126E+003  0.449772086459671E+001 -0.984569802408458E+000  0.646568074922334E+002
  0.100000000000000E+001  0.347201671773176E+003 -0.137913964148998E+001 -0.120951420614197E+003  0.950682737041819E+002
  0.100000000000000E+001  0.272142910272543E+003  0.216369781189002E+001 -0.432626029566410E+002  0.754001245928112E+002
  0.100000000000000E+001  0.296679868948365E+003  0.291094013075266E+001 -0.981802565582156E+002  0.105822197832829E+003
  0.100000000000000E+001  0.337265969692612E+003 -0.304344702465113E+001 -0.103542487494095E+003  0.113836909457430E+003
  0.100000000000000E+001  0.893341964329247E+003 -0.250110815602811E+001 -0.108337822793279E+003  0.318812135084351E+002
  0.100000000000000E+001  0.316450324255960E+003 -0.426180702813046E+001 -0.145711871497343E+002  0.645866959923433E+002
  0.100000000000000E+001  0.283507335725837E+003  0.177385196721986E+001 -0.386798176768637E+002  0.104252269531095E+003
  0.100000000000000E+001  0.280347399770908E+003 -0.405382577838983E+001  0.705160569451416E+002  0.958468715833994E+002
  0.100000000000000E+001  0.418070897173608E+004 -0.737944668438539E+000  0.796362509531784E+002  0.458718900665633E+001
  0.100000000000000E+001  0.619976753503518E+003  0.149912870419051E+000 -0.985242829760630E+002  0.302456500531993E+002
  0.100000000000000E+001  0.261445416403011E+003  0.428612829905275E+001 -0.241841649995805E+002  0.612533885302777E+002
  0.100000000000000E+001  0.286983792255380E+003  0.109706802731291E+001 -0.409887238772174E+002  0.108395961305069E+003
  0.100000000000000E+001  0.315956437464114E+003 -0.352439683615803E+001  0.307764021439247E+002  0.277680874487263E+002
  0.100000000000000E+001  0.324564374186757E+003 -0.342899536274614E+000 -0.117497375743901E+003  0.111809279087246E+003
  0.100000000000000E+001  0.272363089132045E+003  0.214214000820146E+001  0.117069239727870E+002  0.854371671240930E+002
  0.100000000000000E+001  0.255115293294830E+003 -0.167076654842365E+001  0.245215029606179E+002  0.436709298228861E+002
  0.100000000000000E+001  0.308515238004628E+003 -0.386739659009885E+001  0.120078811332803E+001  0.510508034837705E+002
  0.100000000000000E+001  0.261796565035957E+003  0.443443413312264E+001 -0.506452378627489E+002  0.580479559036745E+002
  0.100000000000000E+001  0.276555143520725E+003 -0.313843538894864E+001  0.925856559784511E+002  0.811108548307525E+002
  0.100000000000000E+001  0.278946960774850E+003 -0.389440026997152E+001  0.106825035347228E+003  0.798488136503702E+002
  0.100000000000000E+001  0.243924717517266E+003  0.126758165280544E+001 -0.762590533178385E+001  0.352142096210781E+002
  0.100000000000000E+001  0.286611087584008E+003 -0.261094038166874E+001  0.408901031213127E+002  0.115285390742401E+003
  0.100000000000000E+001  0.283227533563348E+003  0.778820110819485E+000 -0.304142002432291E+002  0.101550847281832E+003
