  0.101563040372012E+001  0.125863507345571E+000  0.483710377658799E+001 -0.850766593427390E+002 -0.851049068140877E+002
  0.100063041840480E+001  0.532882295493195E+000  0.467511516392790E+001 -0.850828646552800E+002 -0.851227159506918E+002
  0.103011124814666E+001  0.651490277904685E-001  0.460894291759218E+001 -0.850806959633484E+002 -0.850981861241249E+002
  0.104144381543504E+001  0.120272770871708E-001  0.466941771086309E+001 -0.850755192479147E+002 -0.851062660834045E+002
  0.103710569355275E+001  0.252109906764417E-001  0.480909106108097E+001 -0.850650410508176E+002 -0.850897530086746E+002
  0.102333383687639E+001  0.274372534498568E+000  0.461817939240237E+001 -0.850808705108847E+002 -0.851373020658323E+002
  0.101120665497629E+001  0.447221991516656E+000  0.469622786364212E+001 -0.850720720561925E+002 -0.851173061271557E+002
  0.102332254936627E+001  0.103497140861180E+000  0.474624917043709E+001 -0.850596489280672E+002 -0.851273800166790E+002
  0.100612513789330E+001  0.452646537390223E+000  0.477153498870742E+001 -0.850683042385899E+002 -0.853219928627905E+002
  0.101532637410819E+001  0.312955562261308E+000  0.489938479311647E+001 -0.850798573399801E+002 -0.850976846356803E+002
  0.102738952908299E+001 -0.327945000848615E-001  0.481314834822035E+001 -0.850736094648665E+002 -0.850905440464750E+002
  0.101605169174037E+001  0.346642908193928E+000  0.473419112137432E+001 -0.850618023369938E+002 -0.850878964091716E+002
  0.102367821722831E+001  0.155269399560510E+000  0.490279056629705E+001 -0.850783473126144E+002 -0.850938616999272E+002
  0.104375318542186E+001  0.382479224481642E-001  0.482078479920674E+001 -0.850791285091518E+002 -0.850867415864446E+002
  0.101831590920375E+001  0.349954305568971E+000  0.468716672425891E+001 -0.850681379202754E+002 -0.850985503908410E+002
  0.103075999639487E+001  0.114522494036478E+000  0.483695479084411E+001 -0.850652117195091E+002 -0.851145492145252E+002
  0.102009244876949E+001  0.341353663860104E+000  0.470225150696218E+001 -0.850673068387105E+002 -0.850880570450962E+002
  0.103052834424793E+001  0.161178520005478E+000  0.480093906907355E+001 -0.850626242730631E+002 -0.850870186859040E+002
  0.101316726167904E+001  0.120508289876824E+000  0.473925267013829E+001 -0.850781576610054E+002 -0.853817695072397E+002
  0.101424455846056E+001  0.410656625988381E+000  0.475620958355555E+001 -0.850664331502221E+002 -0.850846870074027E+002
  0.103736440224432E+001  0.182000854911990E+000  0.478173075183163E+001 -0.850785442992646E+002 -0.851337999793863E+002
  0.102228272328157E+001  0.284146896446941E+000  0.489568268301600E+001 -0.850802101223930E+002 -0.850975724049899E+002
  0.101909914112667E+001  0.398672411910610E+000  0.482904378484985E+001 -0.850764560090350E+002 -0.850909545874183E+002
  0.104610655889490E+001 -0.105330345096235E+000  0.477562956499826E+001 -0.850721323865517E+002 -0.851228178826862E+002
  0.101872033538987E+001  0.197088151213876E+000  0.465242536908942E+001 -0.850690695232061E+002 -0.851154205445786E+002
  0.104195758395885E+001 -0.413661638308156E-001  0.488401332988544E+001 -0.850827356808887E+002 -0.851621741466453E+002
  0.104216703808815E+001 -0.117681206893238E+000  0.468378569527334E+001 -0.850743233165642E+002 -0.851734739273823E+002
  0.100641756598532E+001  0.258843267114827E+000  0.482559731705405E+001 -0.850795488580967E+002 -0.850900337710368E+002
  0.102127030215913E+001  0.280915801936089E+000  0.461474723161642E+001 -0.850803783501090E+002 -0.851992808866482E+002
  0.102520611963785E+001  0.232920513970612E+000  0.471982532138293E+001 -0.850607490007830E+002 -0.850847928656885E+002
  0.104277339578411E+001 -0.116343983177657E+000  0.475965688476564E+001 -0.850690669842092E+002 -0.850880302579301E+002
  0.101464821024756E+001  0.106885481948055E+000  0.483798113425373E+001 -0.850824044695862E+002 -0.852050788228815E+002
  0.103493753499096E+001 -0.123157868653678E+000  0.470537537677300E+001 -0.850759015582534E+002 -0.850844666519939E+002
  0.100646368017685E+001  0.461432650897152E+000  0.465693791058197E+001 -0.850788450944381E+002 -0.850843360136357E+002
  0.102741921958441E+001  0.204528713967576E+000  0.473571008818776E+001 -0.850601538595146E+002 -0.851562810577123E+002
  0.101110059563123E+001  0.233914559871039E+000  0.473207408876995E+001 -0.850671623459482E+002 -0.851961666217968E+002
  0.100391490368633E+001  0.489708916904874E+000  0.469508387711237E+001 -0.850751497542242E+002 -0.851645029951600E+002
  0.104025138753454E+001 -0.669571596813370E-001  0.465242556282984E+001 -0.850766315019242E+002 -0.850910671073753E+002
  0.104640996041797E+001 -0.494102704655859E-001  0.473530437652596E+001 -0.850743517834510E+002 -0.851037547156410E+002
  0.103281894380059E+001  0.139206931095529E+000  0.478241441292734E+001 -0.850628097768303E+002 -0.851022806939041E+002
  0.103035397182017E+001  0.126824032097318E+000  0.477434210336045E+001 -0.850588536169145E+002 -0.851136575719660E+002
  0.103407597221497E+001  0.615591742064225E-001  0.483748754672675E+001 -0.850667407810479E+002 -0.851522068154792E+002
  0.104119091185540E+001  0.411075379693955E-001  0.485079956708224E+001 -0.850781311467195E+002 -0.851207073495341E+002
  0.103153173930728E+001  0.295996636153873E+000  0.472954612940073E+001 -0.850833356437450E+002 -0.851280499069559E+002
  0.104092043350723E+001 -0.178276552768352E+000  0.475668803137364E+001 -0.850753911989990E+002 -0.850984082352321E+002
  0.101684648614305E+001  0.160077542004274E+000  0.464296746419423E+001 -0.850765380285635E+002 -0.851262111218552E+002
  0.101257364193917E+001  0.435294778056146E+000  0.485491552123300E+001 -0.850776415566447E+002 -0.850884080790141E+002
  0.101156750395024E+001  0.324716921235748E+000  0.473012023489605E+001 -0.850618816007415E+002 -0.850843265229038E+002
  0.104065906425501E+001  0.138949753041260E-001  0.470636098542231E+001 -0.850689476040536E+002 -0.850897351559158E+002
  0.100725040334376E+001  0.386856115268785E+000  0.485757844895890E+001 -0.850754598653398E+002 -0.851004789082277E+002
  0.101759817945173E+001  0.427016577358032E+000  0.484446960273933E+001 -0.850809814221213E+002 -0.850886526759117E+002
  0.102235096696138E+001  0.263312410767810E+000  0.490480648396624E+001 -0.850811743547593E+002 -0.850932092633790E+002
  0.102492454054508E+001  0.291226172546786E+000  0.476411242904689E+001 -0.850653659319285E+002 -0.850977757481055E+002
  0.102731415362846E+001  0.206240044681863E+000  0.463003355299142E+001 -0.850761787867038E+002 -0.850841511637591E+002
  0.101335352178634E+001  0.441487539969174E+000  0.467300533247135E+001 -0.850767637841128E+002 -0.851457321928932E+002
  0.101491382892209E+001  0.439091044165679E+000  0.465516233334386E+001 -0.850819142628230E+002 -0.850864254444616E+002
  0.102222074371728E+001  0.268822551156475E+000  0.485898451771001E+001 -0.850703012258968E+002 -0.850837675313079E+002
  0.101595527896700E+001  0.131845004476872E+000  0.473365423962814E+001 -0.850690512709925E+002 -0.851309953119692E+002
  0.102508269036896E+001  0.158632856461338E+000  0.490452401648138E+001 -0.850786691606767E+002 -0.850931192368919E+002
  0.101817931583118E+001  0.142445754125632E+000  0.474063223346396E+001 -0.850630839183508E+002 -0.850918598952505E+002
  0.101607820638967E+001  0.176881019481371E+000  0.484780908101200E+001 -0.850714763258366E+002 -0.850910256577604E+002
  0.101793745391115E+001  0.922695976361041E-001  0.476661385890007E+001 -0.850700404888456E+002 -0.850867765806662E+002
  0.101467023375103E+001  0.221063328865043E+000  0.476418677056331E+001 -0.850615972348049E+002 -0.851051399610857E+002
  0.102994091323591E+001  0.111987323282690E+000  0.473676916112077E+001 -0.850580722147757E+002 -0.850901199891902E+002
  0.103774019874210E+001  0.137875847539021E+000  0.475620987387937E+001 -0.850720028062737E+002 -0.851372100772081E+002
  0.101868110532428E+001  0.242125211194661E+000  0.489530799014531E+001 -0.850768883739656E+002 -0.850861803504211E+002
  0.102375680611241E+001  0.351989227104212E+000  0.472339793524666E+001 -0.850736240728009E+002 -0.850873968184431E+002
  0.101609655072413E+001  0.266595411159898E+000  0.478658484376481E+001 -0.850595427042790E+002 -0.850987873625646E+002
  0.100258556834428E+001  0.385883244600137E+000  0.481398512358934E+001 -0.850753204501475E+002 -0.850845452985075E+002
  0.101680968876935E+001  0.187556498397697E+000  0.473412875485398E+001 -0.850613287412200E+002 -0.851178067877580E+002
  0.101762472384069E+001  0.180651358361644E+000  0.476155029233955E+001 -0.850603905634953E+002 -0.851592355459178E+002
  0.103064857693254E+001  0.289724956892272E+000  0.471951600550098E+001 -0.850799188068060E+002 -0.850837343295549E+002
  0.102742372933750E+001  0.115927924144671E+000  0.479809180100371E+001 -0.850590263492292E+002 -0.851227527942306E+002
  0.104619488124522E+001 -0.157896381147367E+000  0.473110131999412E+001 -0.850740185922762E+002 -0.850857322739859E+002
  0.101894166132581E+001  0.163588214541377E+000  0.491089198525106E+001 -0.850836284552212E+002 -0.851104692057534E+002
  0.103114855269957E+001 -0.186991618512877E-002  0.461925742236680E+001 -0.850813637554856E+002 -0.851237692058174E+002
  0.101019625960046E+001  0.324858637774497E+000  0.480125565776830E+001 -0.850647412190926E+002 -0.851127777810905E+002
  0.100666646601558E+001  0.430508252817859E+000  0.477943036468235E+001 -0.850672578965866E+002 -0.850890274348759E+002
  0.100630704634594E+001  0.388187329056947E+000  0.474962369562749E+001 -0.850661866601944E+002 -0.851316281669717E+002
  0.101784746483773E+001  0.197006629037077E+000  0.487422233953576E+001 -0.850731890036502E+002 -0.850837973263570E+002
  0.103898874177107E+001 -0.256004133629233E-001  0.474274913175890E+001 -0.850637865775142E+002 -0.851057334037149E+002
  0.101168160398751E+001  0.343842009347071E+000  0.465453609543639E+001 -0.850718713979305E+002 -0.850851349204847E+002
  0.104335250728305E+001 -0.664829992421687E-001  0.472131001053229E+001 -0.850694525299759E+002 -0.851053051156568E+002
  0.103915350763644E+001 -0.169096754840083E+000  0.478029054198661E+001 -0.850760686589758E+002 -0.850900783556113E+002
  0.103216154020154E+001 -0.489392603701901E-001  0.465414525690519E+001 -0.850766953447506E+002 -0.851344213405258E+002
  0.103263443418113E+001 -0.103929359549880E+000  0.466181613158625E+001 -0.850828291884528E+002 -0.851468249825939E+002
  0.102207050899326E+001  0.289773642867218E+000  0.469598503956773E+001 -0.850646732548457E+002 -0.850881458828894E+002
  0.102727162652785E+001  0.128615028943528E-001  0.485297444246832E+001 -0.850734931173810E+002 -0.850903427290890E+002
  0.997369927386620E+000  0.543683676117453E+000  0.469900059409810E+001 -0.850827547808518E+002 -0.850898382509022E+002
  0.102272281370454E+001  0.511860912907309E-001  0.487630948445279E+001 -0.850803862497115E+002 -0.852615008605723E+002
  0.104123994289581E+001 -0.586679336143590E-001  0.462657147523213E+001 -0.850836112337862E+002 -0.850922342279539E+002
  0.102351252630449E+001  0.767318873443799E-001  0.484798573558675E+001 -0.850704079066965E+002 -0.850948452281772E+002
  0.102864507483298E+001  0.154485776633877E+000  0.480311295135296E+001 -0.850605200211291E+002 -0.850836961361578E+002
  0.103828526369518E+001 -0.133957996998035E+000  0.478258804871966E+001 -0.850719653912524E+002 -0.851255415408600E+002
  0.101053958003593E+001  0.153349330593073E+000  0.470930117724410E+001 -0.850822106235407E+002 -0.854182902436410E+002
  0.104497645082304E+001 -0.700719404509158E-001  0.473317091319686E+001 -0.850709871357624E+002 -0.850946945869290E+002
  0.103641826572158E+001 -0.398244496275026E-001  0.462076834245496E+001 -0.850822011947054E+002 -0.851827801303555E+002
  0.102976685147453E+001  0.135741585175367E+000  0.461222238672805E+001 -0.850796992201764E+002 -0.850870235441921E+002
  0.103092484098220E+001  0.856921668351873E-001  0.475532229419314E+001 -0.850580801484497E+002 -0.850901529452295E+002
  0.100180426423124E+001  0.395501467699560E+000  0.484829547259948E+001 -0.850813333584086E+002 -0.851062939373532E+002
  0.102576778863947E+001  0.290397449579913E+000  0.482221149718313E+001 -0.850711170898304E+002 -0.850929717686063E+002
  0.100684780175893E+001  0.395859755572047E+000  0.463089922400281E+001 -0.850820608986685E+002 -0.850996016816519E+002
  0.101297352267680E+001  0.123562689057124E+000  0.471589947755553E+001 -0.850796241079302E+002 -0.850882358946230E+002
  0.100810450875209E+001  0.351958539993205E+000  0.480641721449977E+001 -0.850670929767291E+002 -0.851098195196659E+002
  0.101914273944171E+001  0.158582488745992E+000  0.467368195889301E+001 -0.850668225543274E+002 -0.850977746221066E+002
  0.100710665832980E+001  0.508461424007905E+000  0.469285761096512E+001 -0.850776294321305E+002 -0.850953352320762E+002
  0.102976903512740E+001  0.219436261825962E+000  0.478141522458308E+001 -0.850655519231612E+002 -0.850857381296065E+002
  0.104566640840332E+001 -0.179076732991206E-001  0.480584513401556E+001 -0.850767868274316E+002 -0.850866015945631E+002
  0.101982668975433E+001  0.225134505350823E+000  0.476187322014091E+001 -0.850571510095869E+002 -0.850926221856154E+002
  0.100553284944321E+001  0.480739646730299E+000  0.478117494160533E+001 -0.850707826277694E+002 -0.851707847343999E+002
  0.104003407322392E+001 -0.138802394884578E-001  0.464338781407297E+001 -0.850778803901270E+002 -0.851056455414818E+002
  0.101603439174470E+001  0.257005575519912E+000  0.470061835373482E+001 -0.850615205109426E+002 -0.850871103779010E+002
  0.104147886579076E+001  0.539710726889950E-001  0.478847670629121E+001 -0.850721660380731E+002 -0.850861971430751E+002
  0.102007580668726E+001  0.101770713134229E+000  0.464041299696071E+001 -0.850781458685888E+002 -0.851035122117647E+002
  0.101560074099725E+001  0.266720544993788E+000  0.476899831549556E+001 -0.850589825217565E+002 -0.851126793894683E+002
  0.102695530053544E+001  0.191642273563005E+000  0.485617882974366E+001 -0.850687639688310E+002 -0.850883519174639E+002
  0.100847491250666E+001  0.397580190845915E+000  0.478972741876165E+001 -0.850656681319716E+002 -0.850867157924540E+002
  0.104510207357038E+001 -0.112581424988022E+000  0.471777223593916E+001 -0.850721896307901E+002 -0.851144085615570E+002
  0.102164361626720E+001  0.245774366387550E+000  0.466809542924898E+001 -0.850654012438849E+002 -0.850841762258759E+002
  0.100911198835317E+001  0.346792682186816E+000  0.468949155293904E+001 -0.850678348340006E+002 -0.851260161462325E+002
  0.103675903991950E+001 -0.147873984046441E+000  0.481018848175167E+001 -0.850776365989637E+002 -0.850847482369726E+002
  0.103130483399030E+001  0.321188420891616E-001  0.484038685253610E+001 -0.850668357160173E+002 -0.850941970294616E+002
  0.101191160943759E+001  0.477707767256135E+000  0.485649430003741E+001 -0.850830033079257E+002 -0.850852686957316E+002
  0.102393187735776E+001  0.670509741571976E-001  0.466432314040211E+001 -0.850708160487096E+002 -0.851021829385101E+002
  0.102893964788844E+001  0.127520824239653E+000  0.470887812279306E+001 -0.850595540705744E+002 -0.850942490343371E+002
  0.103721964635267E+001  0.762009822341980E-001  0.472127879626880E+001 -0.850656070419063E+002 -0.850949177013786E+002
  0.101460939313423E+001  0.293049336262825E+000  0.471943728643253E+001 -0.850604754923678E+002 -0.851531745871768E+002
  0.101388703764426E+001  0.455756077817526E+000  0.468100088613980E+001 -0.850783066208328E+002 -0.851188310039829E+002
  0.100103764410342E+001  0.450473121875731E+000  0.480849076303798E+001 -0.850754328953995E+002 -0.850857609882208E+002
  0.101286498980586E+001  0.307125585814816E+000  0.489860499253928E+001 -0.850805385027812E+002 -0.850890275999054E+002
  0.104865069725204E+001 -0.221483520036514E+000  0.470265256129225E+001 -0.850824295161737E+002 -0.851251904112693E+002
  0.101461449210401E+001  0.154308210914692E+000  0.481786362667768E+001 -0.850722809622240E+002 -0.850907922085079E+002
  0.101142968447450E+001  0.407309181764816E+000  0.484670796511095E+001 -0.850728134679211E+002 -0.850881458927035E+002
  0.102013610469468E+001  0.412306176754456E+000  0.480791027526760E+001 -0.850783311308050E+002 -0.850947499853831E+002
  0.101186537278189E+001  0.277830038525778E+000  0.490121860137601E+001 -0.850829065001306E+002 -0.851052306087955E+002
  0.103342417109259E+001  0.234482655027506E-001  0.472486892298043E+001 -0.850607247051587E+002 -0.850856478237644E+002
  0.102201034168263E+001  0.781568248008426E-001  0.471914507718057E+001 -0.850651541965525E+002 -0.851223925106151E+002
  0.102487450029595E+001  0.603862942828499E-001  0.478620652712103E+001 -0.850627683866314E+002 -0.850912638059749E+002
  0.104718922180439E+001 -0.153726995775457E+000  0.470048039494672E+001 -0.850772859752941E+002 -0.850988373929859E+002
  0.102997667717521E+001  0.812719389163306E-001  0.466632496357404E+001 -0.850658369508365E+002 -0.850842405899657E+002
  0.101513367318153E+001  0.331364920873838E+000  0.481648029876142E+001 -0.850640339900253E+002 -0.850953622466370E+002
  0.101858546167194E+001  0.788850124376665E-001  0.483197497060593E+001 -0.850762295322334E+002 -0.850978207821645E+002
  0.101751783002809E+001  0.149247315449401E+000  0.467630453325641E+001 -0.850697219654781E+002 -0.850892666673509E+002
  0.102830745444623E+001  0.219172102080464E+000  0.472639983845096E+001 -0.850631416937730E+002 -0.850907191427594E+002
  0.103249038058794E+001 -0.291855359448761E-001  0.462706185255878E+001 -0.850808449894924E+002 -0.851593450772450E+002
  0.102742732491514E+001 -0.331302446880954E-004  0.484047200033622E+001 -0.850726317587098E+002 -0.851312190408700E+002
  0.102649926843081E+001  0.226108916940817E+000  0.476865218879145E+001 -0.850606730351564E+002 -0.851374320437120E+002
  0.103344089474188E+001  0.778666895522377E-001  0.481888264630396E+001 -0.850638256479296E+002 -0.851383410789397E+002
  0.102952538860922E+001 -0.849643421770452E-001  0.477644123052782E+001 -0.850759083825711E+002 -0.850880341632415E+002
  0.101813664223525E+001  0.257752704944537E+000  0.484277035363663E+001 -0.850655190938568E+002 -0.851694795678253E+002
  0.103236954476702E+001  0.173875203917845E+000  0.470789877042844E+001 -0.850667908035281E+002 -0.850887078262369E+002
  0.101205084718102E+001  0.232208406536415E+000  0.463129186451480E+001 -0.850812100714168E+002 -0.850843148104454E+002
  0.103096770301105E+001  0.214250178739150E+000  0.475959080516989E+001 -0.850665791863748E+002 -0.851099341178399E+002
  0.100575136480370E+001  0.305971831564690E+000  0.468075891500019E+001 -0.850771645200452E+002 -0.851257248180900E+002
  0.103970361228367E+001 -0.136261453980154E+000  0.472792443003405E+001 -0.850715440915776E+002 -0.850953513799441E+002
  0.101682245928477E+001  0.197577363338723E+000  0.477665675175608E+001 -0.850607039649187E+002 -0.850893942583495E+002
  0.998015461526252E+000  0.482867510694703E+000  0.476314827616114E+001 -0.850773929239989E+002 -0.850863472609257E+002
  0.103126421492771E+001  0.184827501708966E+000  0.485806504323165E+001 -0.850741087630838E+002 -0.851054006052574E+002
  0.103727644153228E+001  0.101102702052060E+000  0.463066114596686E+001 -0.850831694451433E+002 -0.850979420913428E+002
  0.103390260890514E+001 -0.118812380879319E+000  0.472328979963369E+001 -0.850750760074427E+002 -0.855883904997070E+002
  0.100775788342928E+001  0.415232291420239E+000  0.482262012778598E+001 -0.850699931961671E+002 -0.850855303359689E+002
  0.103677839333480E+001  0.141001844523174E-001  0.479484393295257E+001 -0.850633069818567E+002 -0.850865302643483E+002
  0.997707088591651E+000  0.506356770205272E+000  0.475630302169307E+001 -0.850778015193452E+002 -0.851508969461625E+002
  0.101824261521836E+001  0.308636503954247E+000  0.490954102217769E+001 -0.850830228359090E+002 -0.851289271194506E+002
  0.103349609918752E+001  0.101170663066824E+000  0.472409359017476E+001 -0.850614716951901E+002 -0.851492757579463E+002
  0.101990909980484E+001  0.148837393268096E+000  0.460768484900194E+001 -0.850828320106398E+002 -0.850863452795621E+002
  0.103373996895423E+001  0.643694247728206E-001  0.483732574071958E+001 -0.850664948624774E+002 -0.851117352131780E+002
  0.103987697357680E+001 -0.624918143253126E-001  0.476489460041959E+001 -0.850652107789613E+002 -0.850971062374650E+002
  0.103017353720669E+001 -0.853407854854282E-001  0.479920433054870E+001 -0.850761127102843E+002 -0.851382773428141E+002
  0.102875583224046E+001  0.830482910370165E-001  0.472321238315768E+001 -0.850586866571696E+002 -0.851292535364727E+002
  0.101299362743979E+001  0.332332808566335E+000  0.474387725842932E+001 -0.850606337524792E+002 -0.850840014265714E+002
  0.102809274904825E+001 -0.268447613442220E-001  0.464427288914219E+001 -0.850813873355485E+002 -0.851140085898250E+002
  0.103926859157316E+001 -0.119072441221448E+000  0.477281649343057E+001 -0.850693064478938E+002 -0.850875111356310E+002
  0.103426997510041E+001 -0.111046585206154E+000  0.466568601279729E+001 -0.850807940802041E+002 -0.850839475457330E+002
  0.101230067889101E+001  0.152623011674635E+000  0.471656179608566E+001 -0.850762919953592E+002 -0.851401345610079E+002
  0.103774801447419E+001  0.650450054173319E-001  0.463745832593260E+001 -0.850792336149803E+002 -0.850922513922249E+002
  0.101913950072850E+001  0.370107195053464E+000  0.479667473084584E+001 -0.850685887985342E+002 -0.851704618371555E+002
  0.100684626209009E+001  0.397124375276960E+000  0.485271412340433E+001 -0.850749701683991E+002 -0.851158528453104E+002
  0.101850350848223E+001  0.266798637919692E-001  0.470902881950242E+001 -0.850832274154917E+002 -0.851325138449294E+002
  0.104563188924660E+001 -0.201784458083551E-001  0.474252877728660E+001 -0.850743640605906E+002 -0.851121174016399E+002
  0.102143558232784E+001  0.304031686169566E+000  0.462985267044058E+001 -0.850783681121368E+002 -0.851132378808498E+002
  0.102859314717456E+001  0.181831207273007E-001  0.482308387128253E+001 -0.850666589897638E+002 -0.851015095616793E+002
  0.104170611257831E+001 -0.116233845918444E+000  0.466136845297111E+001 -0.850780614409297E+002 -0.852435846928975E+002
  0.104431548680080E+001 -0.185391341185024E+000  0.474378777657105E+001 -0.850751314277029E+002 -0.850904621051619E+002
  0.101145340226357E+001  0.389975946901913E+000  0.485286992532435E+001 -0.850727584147494E+002 -0.850887229018201E+002
  0.100808239153063E+001  0.331750139496336E+000  0.483703918892849E+001 -0.850716944363114E+002 -0.851057884039709E+002
  0.101045795086953E+001  0.311606867148214E+000  0.465783635647000E+001 -0.850724577074728E+002 -0.851480461537923E+002
  0.101140913965286E+001  0.490876855829072E+000  0.475500375294370E+001 -0.850747514647694E+002 -0.851065225921804E+002
  0.101138401534776E+001  0.167039117345595E+000  0.480311058264899E+001 -0.850768919045541E+002 -0.850941421157786E+002
  0.101267717258718E+001  0.485625728823862E+000  0.483477166623905E+001 -0.850815422701182E+002 -0.850885658919274E+002
  0.102282941719835E+001  0.126004892663317E+000  0.469098532325214E+001 -0.850625716835382E+002 -0.851030998377659E+002
  0.102908437265033E+001  0.238655604211303E+000  0.478650315541014E+001 -0.850669537506871E+002 -0.850873611435024E+002
  0.103766864675742E+001 -0.163729046992529E-001  0.488782121328674E+001 -0.850798038524632E+002 -0.851129237205606E+002
  0.103400642520211E+001 -0.418929522429892E-001  0.476595920144655E+001 -0.850638854097467E+002 -0.850979160585490E+002
  0.103673203298256E+001 -0.150703921598691E+000  0.472133501926847E+001 -0.850766635737978E+002 -0.851062987869753E+002
  0.103806556969188E+001  0.418425158738813E-001  0.486418498068387E+001 -0.850754742511418E+002 -0.850920909743177E+002
  0.101888055532030E+001  0.224277479702010E+000  0.485019929086113E+001 -0.850666041184799E+002 -0.851499547947441E+002
  0.101864340833987E+001  0.208841133534818E+000  0.464862390745142E+001 -0.850695338154988E+002 -0.851039531745459E+002
  0.103536755938677E+001 -0.103328813335892E+000  0.482934796539745E+001 -0.850750281808463E+002 -0.851229423005404E+002
  0.104402112594058E+001 -0.113227442026187E+000  0.482754012752758E+001 -0.850747561088043E+002 -0.850836752245685E+002
