  0.100000000000000E+001  0.279336579361479E+003 -0.171298254526010E+000  0.295606706696627E+002  0.924965414608124E+002
  0.100000000000000E+001  0.281147812234055E+003  0.731632876533858E+000 -0.908621951427087E+001  0.531973249906406E+001
  0.100000000000000E+001  0.306741317677709E+003 -0.418615394779989E+001  0.700909698728308E+002  0.151805908609927E+002
  0.100000000000000E+001  0.268163955327331E+003 -0.379218592863485E+001  0.773013174946809E+002  0.505855215967368E+002
  0.100000000000000E+001  0.285638419854424E+003 -0.123550559519900E+001  0.793139777833460E+001  0.100720006496672E+003
  0.100000000000000E+001  0.257911760445015E+003  0.122562112834641E+001 -0.339175100160097E+002  0.303980028798623E+002
  0.100000000000000E+001  0.275323135682055E+003 -0.383075950499904E+001  0.525939191424953E+002  0.705117122920946E+002
  0.100000000000000E+001  0.302098669219402E+003 -0.524712034249635E+000  0.112117282363556E+003  0.111181120511359E+003
  0.100000000000000E+001  0.340661929727658E+003 -0.452680704354328E+001 -0.588150259566213E+002  0.621350304986529E+002
  0.100000000000000E+001  0.306644950917652E+003  0.407519280295025E+001 -0.120205796998569E+003  0.669020660351469E+002
  0.100000000000000E+001  0.257381051892145E+003  0.248813684441874E+001 -0.744175561210220E+001  0.535226113744071E+002
  0.100000000000000E+001  0.307747570882298E+003  0.265532312746158E+001  0.863075969411961E+002  0.117407404250425E+003
  0.100000000000000E+001  0.307540905718053E+003  0.767266631634999E+000  0.111382011327053E+003  0.972746044067269E+002
  0.100000000000000E+001  0.352035500280055E+003  0.260596380572670E+001  0.795898131358829E+002  0.171755029970564E+002
  0.100000000000000E+001  0.309872942997973E+003  0.251957936158303E+001  0.715690682182355E+002  0.580345190076298E+002
  0.100000000000000E+001  0.313318629052180E+003  0.104731060019621E+001  0.906263455295419E+002  0.551466890241298E+002
  0.100000000000000E+001  0.261459071741076E+003 -0.239590372408096E+001  0.640413794874711E+002  0.319716558012658E+002
  0.100000000000000E+001  0.362847866081981E+003 -0.235062123622804E+001 -0.111021442294449E+003  0.603041157157287E+002
  0.100000000000000E+001  0.356735855567644E+003 -0.456261901051540E+001 -0.318738666765600E+002  0.214339046262862E+002
  0.100000000000000E+001  0.289185840535473E+003 -0.285534471635354E+001  0.542346872337875E+001  0.317449188070610E+002
  0.100000000000000E+001  0.355069206624859E+003  0.168911548545980E+001  0.701677530880528E+002  0.212942730750987E+002
  0.100000000000000E+001  0.270156049000245E+003  0.267742846455240E+001  0.894728779837808E+001  0.706323920866407E+002
  0.100000000000000E+001  0.255895300619985E+003  0.139577690770053E+001 -0.277653425501306E+002  0.434501849433329E+002
  0.100000000000000E+001  0.272354026275596E+003 -0.166736911880184E+001  0.773768046144460E+001  0.181117983781178E+002
  0.100000000000000E+001  0.331059003692626E+003 -0.282934920616715E+001 -0.782905071763302E+002  0.867441885401779E+002
  0.100000000000000E+001  0.317995573699623E+003  0.356960499390980E+001  0.980651895921206E+002  0.110933809979273E+003
  0.100000000000000E+001  0.361334921842074E+003 -0.422099710285696E+001 -0.774645576893412E+002  0.441014736874982E+002
  0.100000000000000E+001  0.338643698481315E+003 -0.351080740342856E+001  0.111513760921141E+003  0.623104858980919E+001
  0.100000000000000E+001  0.288579100604243E+003 -0.710314348184359E+000 -0.639346685284740E+001  0.105983468390636E+003
  0.100000000000000E+001  0.271472575477367E+003 -0.205383017540773E+001  0.634742363366594E+002  0.709388987137961E+002
  0.100000000000000E+001  0.296365910326275E+003  0.465424542288384E+001 -0.101327395703816E+003  0.107327285951782E+003
  0.100000000000000E+001  0.337898649941491E+003 -0.468255488727699E+001 -0.782566007664002E+002  0.974933915511753E+002
  0.100000000000000E+001  0.353613324020737E+003 -0.285467655789371E+001 -0.121498397658661E+002  0.864810695698434E+001
  0.100000000000000E+001  0.309864579099700E+003 -0.412366368928767E+001  0.109388310137809E+003  0.171078430150595E+002
  0.100000000000000E+001  0.276566031036874E+003 -0.340566967972508E+000  0.524740510549332E+002  0.816710144684390E+002
  0.100000000000000E+001  0.314638101297057E+003 -0.435290699110324E+001 -0.334360087633779E+002  0.995553227232547E+002
  0.100000000000000E+001  0.309812183629687E+003 -0.454852255100088E+001 -0.193027384263952E+002  0.100914645070183E+003
  0.100000000000000E+001  0.332721222722475E+003  0.361663455690592E+001 -0.771503097911422E+002  0.120137966199583E+002
  0.100000000000000E+001  0.279959257844041E+003  0.267621864522933E+001  0.140677361259662E+002  0.892093579476598E+002
  0.100000000000000E+001  0.313067928801328E+003  0.153802796771603E+001  0.962336798294250E+002  0.687377231140821E+002
  0.100000000000000E+001  0.277720736755909E+003 -0.596922217643707E+000  0.956196208543324E+001  0.865139161925795E+002
  0.100000000000000E+001  0.364931380434752E+003 -0.116642178873226E+001 -0.111254089018845E+003  0.405740131478266E+002
  0.100000000000000E+001  0.353473505763542E+003  0.665838051287829E+000  0.100436369793436E+003  0.290957947147865E+002
  0.100000000000000E+001  0.295316783201522E+003 -0.507723559128929E+000 -0.460389736416539E+002  0.930989241025740E+002
  0.100000000000000E+001  0.295373990533501E+003 -0.649720009259292E+000 -0.446516948142771E+002  0.916952249895859E+002
  0.100000000000000E+001  0.325004826756064E+003 -0.463585321634403E+000 -0.700747644192648E+002  0.519910019365403E+002
  0.100000000000000E+001  0.289351760731015E+003 -0.351452420689940E+001  0.113143264937791E+003  0.482075363125903E+002
  0.100000000000000E+001  0.364931380434752E+003 -0.156712840827513E+001 -0.588034825461006E+002  0.172524013808441E+002
  0.100000000000000E+001  0.353355531093991E+003  0.303732006791004E+001  0.738253333690659E+002  0.267931469111137E+002
  0.100000000000000E+001  0.363832062020711E+003 -0.324703561605380E+001 -0.856064506605298E+002  0.407221378550940E+002
  0.100000000000000E+001  0.289474514110406E+003  0.366222986534779E+001  0.263259495622723E+002  0.985286052091880E+002
  0.100000000000000E+001  0.296991306660208E+003  0.434688589636414E+001 -0.108231082147023E+003  0.936508509076095E+002
  0.100000000000000E+001  0.281122487557511E+003  0.138733792864230E+001  0.526290438848600E+002  0.777940547549452E+002
  0.100000000000000E+001  0.300595118962680E+003 -0.199661814311363E+001  0.721287721581120E+001  0.949089661035810E+001
  0.100000000000000E+001  0.282150107170886E+003  0.448072606394536E+001 -0.364677762877838E+002  0.953364354612404E+002
  0.100000000000000E+001  0.279102445263065E+003  0.150420327563558E+001 -0.871067184718771E+001  0.919518232603153E+002
  0.100000000000000E+001  0.290933336309716E+003  0.359982327696197E+001  0.590473849497883E+000  0.197350369169621E+002
  0.100000000000000E+001  0.364931380434752E+003  0.718897664507477E+000 -0.119848064262674E+003  0.361738722563141E+002
  0.100000000000000E+001  0.356534169207267E+003  0.370317146031388E+001 -0.747352604790896E+002  0.520005091196605E+001
  0.100000000000000E+001  0.280223188228085E+003 -0.162468973580545E+001  0.920048283067842E+001  0.110351476164525E+002
  0.100000000000000E+001  0.218054852363138E+003  0.212675660307207E+001 -0.752049572771126E+001  0.181687381175408E+002
  0.100000000000000E+001  0.357040889572136E+003  0.372907626578904E+001  0.878023403039376E+002  0.365462766587517E+001
  0.100000000000000E+001  0.319027454983252E+003  0.204378253842023E+001  0.110425633253723E+003  0.887770988060540E+002
  0.100000000000000E+001  0.348014499473507E+003  0.271075743634526E+001  0.114660352825408E+003  0.673320352788110E+002
  0.100000000000000E+001  0.278248828018480E+003  0.201962049215311E+001  0.412536855374336E+002  0.724729266725635E+002
  0.100000000000000E+001  0.348456568574060E+003  0.227244365964210E+001  0.114087594524877E+003  0.641039419968082E+002
  0.100000000000000E+001  0.274178549403648E+003 -0.437771799281428E+001  0.791210320794316E+002  0.365515341836726E+002
  0.100000000000000E+001  0.293131353912143E+003 -0.349846120744586E+001 -0.252492967862516E+001  0.675079751463013E+002
  0.100000000000000E+001  0.283941077186767E+003 -0.198601161716976E+001  0.308000941946536E+002  0.988388556383560E+002
  0.100000000000000E+001  0.289614725417895E+003  0.406138641605391E+001 -0.787439616602738E+001  0.177164031686044E+002
  0.100000000000000E+001  0.247240732484451E+003  0.178478709918858E+001 -0.252855411321412E+002  0.374929852748603E+002
  0.100000000000000E+001  0.256754073613023E+003 -0.171303993585991E+001  0.493723373993069E+002  0.453973518513913E+002
  0.100000000000000E+001  0.288089071784109E+003 -0.468173874019486E-001  0.814607327151922E+002  0.865784437574923E+002
  0.100000000000000E+001  0.364931380434752E+003 -0.784903997049770E+000 -0.112126955498639E+003  0.314809689871610E+001
  0.100000000000000E+001  0.261604073225245E+003  0.553953306616171E-001  0.264470685544329E+002  0.605625101644749E+002
  0.100000000000000E+001  0.283261476111783E+003  0.388800184512261E+001 -0.794866579758256E+002  0.752761940581159E+002
  0.100000000000000E+001  0.336559628023769E+003  0.447687827312307E+001  0.111453477574567E+003  0.100298722142120E+003
  0.100000000000000E+001  0.301292678975756E+003 -0.121679085027241E+001 -0.440519029836105E+002  0.111999358780397E+003
  0.100000000000000E+001  0.337460432050589E+003 -0.193047112393983E+001 -0.105811314269958E+003  0.953090294103445E+002
  0.100000000000000E+001  0.318521859554582E+003 -0.192788305292835E+001 -0.625698706750777E+002  0.716450148739100E+002
  0.100000000000000E+001  0.285294592720882E+003 -0.428892050113223E+001  0.112237044189201E+003  0.837732833828933E+002
  0.100000000000000E+001  0.286264379262618E+003 -0.309524600840771E+001  0.950012317094211E+002  0.948927405562493E+002
  0.100000000000000E+001  0.280846152591225E+003 -0.302123981352864E+001  0.102517781252786E+003  0.546984271496090E+002
  0.100000000000000E+001  0.351759133387703E+003 -0.243477903737656E+001 -0.119435965433528E+003  0.881533847911063E+002
  0.100000000000000E+001  0.364931380434752E+003 -0.433872604342391E+001 -0.576203954784384E+002  0.493824267414936E+001
  0.100000000000000E+001  0.356944508467428E+003  0.384285652539207E+001  0.107436342799278E+003  0.352840161390617E+002
  0.100000000000000E+001  0.275129569884745E+003  0.394885696365310E+001 -0.629240460149371E+002  0.696399389680966E+002
  0.100000000000000E+001  0.262465206241941E+003  0.291590473786733E+001 -0.761145346901232E+001  0.602253780542525E+002
  0.100000000000000E+001  0.359614119576691E+003  0.251694495457284E+001 -0.926383691777525E+002  0.265576043384806E+002
  0.100000000000000E+001  0.279032518081005E+003  0.127936985901320E+001  0.478296081059325E+002  0.784561994406474E+002
  0.100000000000000E+001  0.278632293335460E+003  0.209304157283374E+001  0.300721961013502E+002  0.826482427404589E+002
  0.100000000000000E+001  0.294438713285297E+003 -0.413603767973179E+001  0.585524653543791E+002  0.175413438523633E+002
  0.100000000000000E+001  0.349320086693975E+003  0.157466232439242E+000  0.119327377646844E+003  0.498700940345786E+001
  0.100000000000000E+001  0.260628029196854E+003  0.309385512138240E+001 -0.188395416323491E+002  0.573183749039160E+002
  0.100000000000000E+001  0.286043072089635E+003 -0.131498613139927E+001  0.956305542631848E+002  0.605418732569223E+002
  0.100000000000000E+001  0.306423936192126E+003  0.877878799905207E+000  0.108084528135617E+003  0.101380649229195E+003
  0.100000000000000E+001  0.364931380434752E+003  0.173158637617046E+001 -0.978512747089751E+002  0.206369278092013E+002
  0.100000000000000E+001  0.273659883260302E+003 -0.235410140353337E+001  0.867905260244323E+002  0.558605045268967E+002
  0.100000000000000E+001  0.300035985078814E+003 -0.298773864771382E+001 -0.153695215234356E+002  0.109265140757955E+003
  0.100000000000000E+001  0.270986187567357E+003  0.362218888023363E+001 -0.264607011171088E+002  0.742531875456844E+002
  0.100000000000000E+001  0.278856542662604E+003 -0.323582385437855E+001  0.814690949539080E+002  0.817794074420828E+002
  0.100000000000000E+001  0.280133496125341E+003 -0.375638017722251E+001  0.351927652490245E+002  0.739531880352331E+002
  0.100000000000000E+001  0.286842918207553E+003 -0.593955794986662E+000  0.522176594878881E+002  0.106113889732336E+003
  0.100000000000000E+001  0.364931380434752E+003 -0.315672122335675E+001 -0.517588665901307E+002  0.244910973254013E+001
  0.100000000000000E+001  0.335556531155507E+003 -0.141609103550528E+001 -0.100441741569200E+003  0.844708909737425E+002
  0.100000000000000E+001  0.287307666722884E+003 -0.283740515464509E+001  0.439257381911326E+002  0.105508882885130E+003
  0.100000000000000E+001  0.294665784551151E+003  0.442001736247812E+001  0.927332360540524E+001  0.117830273142236E+003
  0.100000000000000E+001  0.312606007833936E+003  0.167320256410630E+001 -0.112348334978424E+003  0.114388470380238E+003
  0.100000000000000E+001  0.291046941350375E+003 -0.940947643947638E+000  0.405085768645399E+002  0.118790206663847E+003
  0.100000000000000E+001  0.306768118216722E+003  0.724104883906573E-001  0.109976062891479E+003  0.724704669471447E+002
  0.100000000000000E+001  0.288514929165529E+003 -0.286860516943087E+000  0.608143110527476E+002  0.106500000816136E+003
  0.100000000000000E+001  0.281178951645361E+003  0.404072531412139E+001 -0.506386494011357E+002  0.911529095786145E+002
  0.100000000000000E+001  0.360004921672074E+003  0.470876353045119E+001  0.120256002081822E+003  0.401764595993637E+002
  0.100000000000000E+001  0.287294139851351E+003 -0.452259067546615E+001  0.272803722723087E+002  0.648448533075266E+002
  0.100000000000000E+001  0.353326001427196E+003  0.481767257315421E+001  0.608871133457920E+002  0.166820791310046E+002
  0.100000000000000E+001  0.267411554330350E+003 -0.945741595266633E+000  0.665205748764811E+002  0.495850380711677E+002
  0.100000000000000E+001  0.305197399813688E+003 -0.803728083717541E-001 -0.705863779221613E+002  0.112772625904804E+003
  0.100000000000000E+001  0.292307814340238E+003  0.243599828679765E+001 -0.600231307132146E+002  0.109426572566722E+003
  0.100000000000000E+001  0.293021344859474E+003 -0.172309708528412E+000  0.937917624202427E+002  0.881586266728732E+002
  0.100000000000000E+001  0.301840665211465E+003 -0.119771477679404E+001  0.116814469771329E+003  0.114993043849134E+003
  0.100000000000000E+001  0.364931380434752E+003  0.467160602843919E+001  0.988103166152282E+002  0.560500729059986E+001
  0.100000000000000E+001  0.309410975765298E+003  0.155052818839891E+001 -0.675730318439177E+002  0.352117722806317E+002
  0.100000000000000E+001  0.318232458512668E+003 -0.130685163309210E+001 -0.770795254286215E+002  0.813478678202001E+002
  0.100000000000000E+001  0.364931380434752E+003  0.345083504766303E+001  0.104700374438796E+003  0.135453780607996E+000
  0.100000000000000E+001  0.275979739490909E+003 -0.174944069911498E+001  0.622744939132659E+002  0.805917258851416E+002
  0.100000000000000E+001  0.290130414679211E+003  0.867785419618469E+000 -0.573159232039782E+002  0.818624043889915E+002
  0.100000000000000E+001  0.335246917162135E+003  0.163656333740655E+001 -0.117049800112218E+003  0.634125170140327E+002
  0.100000000000000E+001  0.285124496290354E+003  0.161558802918443E+001 -0.399718951555693E+002  0.956114305771886E+002
  0.100000000000000E+001  0.289409767828682E+003 -0.238793246709581E+000  0.855643997972529E+002  0.546029679488327E+002
  0.100000000000000E+001  0.272526649318382E+003 -0.206651241101292E+001  0.793882411515108E+002  0.398117784307389E+002
  0.100000000000000E+001  0.266880067559580E+003  0.182776097330323E+000  0.316323536747288E+002  0.682793287723671E+002
  0.100000000000000E+001  0.290588240498271E+003 -0.325220249655210E+001  0.253661616912037E+002  0.106148393853055E+003
  0.100000000000000E+001  0.289512463216700E+003  0.433601071763987E+001 -0.990460640444570E+002  0.613266836637258E+002
  0.100000000000000E+001  0.303866201139383E+003 -0.336252601414753E-001 -0.727640152565216E+002  0.809258777782424E+002
  0.100000000000000E+001  0.306228916025220E+003  0.227747259454256E+000 -0.811953782073644E+002  0.931312367637626E+002
  0.100000000000000E+001  0.290211104971758E+003  0.114856677692424E+001 -0.282979138222857E+002  0.111897243330720E+003
  0.100000000000000E+001  0.278836593459980E+003  0.279422990996554E+001  0.303722052349026E+001  0.894158987321766E+002
  0.100000000000000E+001  0.354969463841947E+003 -0.517171488298451E+000  0.101373639117194E+003  0.156237605819211E+002
  0.100000000000000E+001  0.236941642090024E+003  0.511624496621121E+000  0.703006412439771E+001  0.329094722630446E+002
  0.100000000000000E+001  0.349316025139294E+003 -0.440540514287112E+001 -0.883215042071611E+002  0.749725773636376E+002
  0.100000000000000E+001  0.273932391408201E+003  0.207710961953734E+001  0.256171336543631E+002  0.274554471398913E+002
  0.100000000000000E+001  0.364931380434752E+003  0.484725369204930E+000 -0.108366488343925E+003  0.162909577593694E+002
  0.100000000000000E+001  0.341227036335320E+003  0.409117721828173E+001  0.106390231054220E+003  0.793851222196758E+002
  0.100000000000000E+001  0.364931380434752E+003 -0.381013112171316E+001 -0.764438945990584E+002  0.175331986874981E+002
  0.100000000000000E+001  0.364931380434752E+003 -0.146731942552361E+001 -0.106719886313545E+003  0.130627610333648E+002
  0.100000000000000E+001  0.288102446613508E+003 -0.419184577530462E+001  0.908999594491287E+002  0.102523919499183E+003
  0.100000000000000E+001  0.272283309133818E+003 -0.441781809899503E+001  0.681028811822118E+002  0.569378874836350E+002
  0.100000000000000E+001  0.291363758347797E+003 -0.217699385004199E+000 -0.494037562989550E+002  0.610662680292707E+002
  0.100000000000000E+001  0.303303952259645E+003  0.174709189664147E+001 -0.895523201238179E+002  0.109650181523891E+003
  0.100000000000000E+001  0.246438278690333E+003  0.368495445082565E+001 -0.420904163956022E+002  0.313739996672501E+002
  0.100000000000000E+001  0.277043720548656E+003  0.322105280187615E+001  0.503936329104476E+000  0.842483512673311E+002
  0.100000000000000E+001  0.275492267717848E+003  0.196145320336744E+001 -0.224666427963846E+002  0.827225782855640E+002
  0.100000000000000E+001  0.289139612570709E+003 -0.433290492070006E+001  0.111454713376906E+003  0.975655500376742E+002
  0.100000000000000E+001  0.305911679475837E+003 -0.109996665531123E+001  0.102690463509122E+003  0.475588926904855E+002
  0.100000000000000E+001  0.289206265739328E+003 -0.241156394930541E+001  0.455843396279269E+002  0.111981509018329E+003
  0.100000000000000E+001  0.364931380434752E+003 -0.395721957871059E+001 -0.982594019668468E+002  0.374705524813719E+001
  0.100000000000000E+001  0.357041180598921E+003 -0.882126258359586E+000 -0.494999633620652E+002  0.252078268954870E+002
  0.100000000000000E+001  0.257445117682718E+003 -0.177915930114535E+001  0.572409990438267E+002  0.384518508252854E+002
  0.100000000000000E+001  0.312784506111297E+003  0.180146518053141E+001  0.103834182727219E+003  0.870223213208729E+002
  0.100000000000000E+001  0.364931380434752E+003  0.313177381244026E+001 -0.109179395446606E+003  0.182084837893449E+001
  0.100000000000000E+001  0.295865698445212E+003 -0.317353224466788E+001  0.998590234728692E+002  0.304194503190184E+002
  0.100000000000000E+001  0.364931380434752E+003 -0.373354660030346E+001 -0.479940434505083E+002  0.350456395357055E+001
  0.100000000000000E+001  0.268441842776876E+003 -0.330787773068804E+001  0.637607501793966E+002  0.607526874841904E+002
  0.100000000000000E+001  0.305649719899231E+003 -0.411333659161356E+001 -0.158548599633424E+002  0.813114531667732E+002
  0.100000000000000E+001  0.296084887572224E+003  0.752080668575105E+000 -0.403135024801740E+002  0.121049644661664E+003
  0.100000000000000E+001  0.263083838385913E+003  0.448295902571103E+001 -0.186879178745046E+002  0.498780257728531E+002
  0.100000000000000E+001  0.268883459302961E+003 -0.223068887977638E+001  0.260749995661627E+002  0.607790442630513E+002
  0.100000000000000E+001  0.309368144607390E+003 -0.397289094748620E+001 -0.260030708170090E+002  0.862074744816366E+002
  0.100000000000000E+001  0.274344213344330E+003 -0.154816676884407E+001 -0.822235518101493E+001  0.412274685510455E+002
  0.100000000000000E+001  0.313484951851277E+003  0.196979386729131E+001 -0.116043206155636E+003  0.905660514966565E+002
  0.100000000000000E+001  0.329168871018600E+003 -0.138459777241205E+001  0.101064291964890E+003  0.303799768394574E+002
  0.100000000000000E+001  0.334575918939268E+003  0.459887352583812E+001  0.114625029658379E+003  0.111878726702179E+003
  0.100000000000000E+001  0.364931380434752E+003 -0.264703275030963E+001 -0.864554145265363E+002  0.256140606501703E+002
  0.100000000000000E+001  0.302321632572329E+003  0.427198100568393E+001 -0.118811359834786E+003  0.725855961263392E+002
  0.100000000000000E+001  0.357251508623475E+003 -0.750090636708887E-001  0.551544622465732E+002  0.105596864197818E+002
  0.100000000000000E+001  0.314813681417785E+003 -0.247636179043292E+001 -0.629605597370855E+002  0.114931146609044E+003
  0.100000000000000E+001  0.327161234069285E+003 -0.240926813510405E+001 -0.406312164190009E+002  0.429698260551105E+002
  0.100000000000000E+001  0.338867981269995E+003 -0.292724915426151E+001 -0.106722354155416E+003  0.109693476492276E+003
  0.100000000000000E+001  0.276558487085561E+003  0.205355619523501E+001 -0.421796184755773E+002  0.178164908867888E+002
  0.100000000000000E+001  0.275203549301568E+003 -0.320991915513327E+001  0.818467138425982E+002  0.724990808467736E+002
  0.100000000000000E+001  0.354016624752971E+003  0.454766565002654E+000  0.112059253123750E+003  0.396077837879893E+002
  0.100000000000000E+001  0.293825255799155E+003 -0.128801035847641E+001 -0.347389537086916E+002  0.851553794203922E+002
  0.100000000000000E+001  0.281674965428618E+003 -0.330541268175509E+001  0.446363435780302E+002  0.890186503405880E+002
  0.100000000000000E+001  0.298457097638568E+003 -0.560878206365345E+000  0.922306723256553E+002  0.120275559131503E+003
  0.100000000000000E+001  0.269628484139129E+003  0.225943748683482E+001 -0.526500597220823E+002  0.310461186004907E+002
  0.100000000000000E+001  0.364931380434752E+003  0.258255376115098E+001 -0.117389299110138E+003  0.874764005016720E+001
  0.100000000000000E+001  0.258674995252781E+003  0.276773232320556E+001 -0.482772332987472E+002  0.406679262579305E+002
  0.100000000000000E+001  0.364931380434752E+003 -0.301301142952074E+001 -0.935051745084521E+002  0.167802691624697E+002
  0.100000000000000E+001  0.295402065559383E+003  0.382427732003531E+001  0.410342688643472E+002  0.597606603587786E+002
  0.100000000000000E+001  0.298858319040839E+003 -0.212461483477839E+001  0.709020876113900E+002  0.141023635420454E+002
  0.100000000000000E+001  0.277199620564462E+003  0.254193360938417E+001  0.209918300117048E+002  0.807660409226397E+002
  0.100000000000000E+001  0.300529245499142E+003  0.231747287933284E+001 -0.871376779369709E+002  0.112009959354048E+003
  0.100000000000000E+001  0.273052587354948E+003  0.126858528114791E+001 -0.780455792600347E+001  0.797123495430680E+002
  0.100000000000000E+001  0.303005013251281E+003 -0.306816682794120E+001 -0.246917305560231E+002  0.104050571659679E+003
  0.100000000000000E+001  0.309936511784991E+003  0.249680407618175E+001  0.872459914876506E+002  0.798039941704818E+002
  0.100000000000000E+001  0.288697395339961E+003 -0.380095607462192E+001  0.817324840101159E+002  0.106331714390420E+003
  0.100000000000000E+001  0.313966090854638E+003 -0.372299749648254E+001  0.614323410707077E+002  0.932104319595579E+001
  0.100000000000000E+001  0.311351547309849E+003  0.391918004382825E+001  0.342543206252245E+002  0.393265119052163E+002
  0.100000000000000E+001  0.321721987657796E+003 -0.323076333096125E+001 -0.213411532607965E+001  0.147751356536387E+002
  0.100000000000000E+001  0.261896633291808E+003  0.436544689137820E+001 -0.608477355489369E+002  0.431759167720864E+002
