  0.100000000000000E+001  0.163517290087863E+003  0.459078973612010E+000  0.699565885334103E+001  0.621128961160699E+001
  0.100000000000000E+001  0.163739235218695E+003  0.118314707956935E+001 -0.108125863945099E+001  0.756498182066349E+001
  0.100000000000000E+001  0.163806027843605E+003  0.599684679273063E+000  0.384860396649776E+001  0.588521301999850E+001
  0.100000000000000E+001  0.158230423401728E+003  0.834868447622816E+000  0.190153782472770E+001  0.617284838997912E+001
  0.100000000000000E+001  0.164301337509114E+003  0.486348475323941E+000  0.921590855185043E+001  0.722957014729924E+001
  0.100000000000000E+001  0.164322816083406E+003  0.103171255288557E+001  0.278104137694098E+001  0.798700214136282E+001
  0.100000000000000E+001  0.164577582934302E+003  0.492323214963711E+000  0.600850513635757E+001  0.673335874480343E+001
  0.100000000000000E+001  0.171577848607560E+003  0.674786373552041E+000  0.739407760315294E+001  0.298333323383117E+001
  0.100000000000000E+001  0.164815662363556E+003  0.112731970532616E+001  0.245256196218314E+001  0.742593082025270E+001
  0.100000000000000E+001  0.165175874057531E+003  0.130261953731226E+001 -0.117179295581513E+001  0.716240796678506E+001
  0.100000000000000E+001  0.158232359954005E+003  0.104618188089588E+001  0.199962428641064E+001  0.639478834151594E+001
  0.100000000000000E+001  0.165698880984286E+003  0.702887975465347E+000  0.583598101907019E+001  0.326800501534717E+001
  0.100000000000000E+001  0.165939526883478E+003  0.736462519374177E+000  0.459305754358813E+001  0.864738842233614E+001
  0.100000000000000E+001  0.166392484446304E+003  0.106518715165132E+001 -0.169517429018332E+001  0.799394327796204E+001
  0.100000000000000E+001  0.168429049811180E+003  0.283707415877252E+000  0.108535774789103E+002  0.654643034859247E+001
  0.100000000000000E+001  0.166655117632546E+003  0.134620113508876E+001 -0.330153477311256E+001  0.495767361531031E+001
  0.100000000000000E+001  0.158258473492167E+003  0.691395768323924E+000  0.504672248373349E+001  0.650904790976514E+001
  0.100000000000000E+001  0.168016995243130E+003  0.561648796650696E+000  0.411264538338020E+001  0.494828109437735E+001
  0.100000000000000E+001  0.167596676373222E+003  0.802571107853668E+000  0.114390523902084E+001  0.830784864272381E+001
  0.100000000000000E+001  0.163365452904048E+003  0.817985435243872E+000  0.441358210507400E+001  0.807696225648711E+001
  0.100000000000000E+001  0.158308307870037E+003  0.655956996665189E+000  0.766695220256781E+001  0.553100169286608E+001
  0.100000000000000E+001  0.163226359801759E+003  0.622180004949841E+000  0.389544977523991E+001  0.488356632143182E+001
  0.100000000000000E+001  0.163221893801526E+003  0.817106908766320E+000  0.375248272017599E+001  0.805307648098038E+001
  0.100000000000000E+001  0.163096907030005E+003  0.446735938133439E+000  0.817274407760347E+001  0.652220253371460E+001
  0.100000000000000E+001  0.162978900221748E+003  0.984455697237264E+000 -0.765511942661043E+000  0.700959084736174E+001
  0.100000000000000E+001  0.162900023939709E+003  0.671226812658814E+000  0.875641737330633E+001  0.608745677001316E+001
  0.100000000000000E+001  0.162703001870001E+003  0.544371286030120E+000  0.916424177114146E+001  0.666745590748869E+001
  0.100000000000000E+001  0.162660813776091E+003  0.507896208178428E+000  0.608456721533882E+001  0.610137771913346E+001
  0.100000000000000E+001  0.162592728398183E+003  0.119098838954422E+001  0.257226835701104E+000  0.429586145251697E+001
  0.100000000000000E+001  0.158317383643289E+003  0.758609732972063E+000  0.638075940130730E+001  0.624302982329225E+001
  0.100000000000000E+001  0.162157279979577E+003  0.939140001222681E+000  0.558385175925990E+001  0.579960555901084E+001
  0.100000000000000E+001  0.162088981621931E+003  0.956265680285828E+000  0.272557920109871E+001  0.772370172640563E+001
  0.100000000000000E+001  0.162044051096497E+003  0.104944021538994E+001 -0.108720809058904E+001  0.691093350836688E+001
  0.100000000000000E+001  0.161982525666386E+003  0.624271809023749E+000  0.586852134441226E+001  0.379353155908634E+001
  0.100000000000000E+001  0.161775850589131E+003  0.127791552810130E+001 -0.173182463504062E+001  0.560116731199941E+001
  0.100000000000000E+001  0.161608169590830E+003  0.974444109966471E+000  0.461946078214865E+001  0.658825986457471E+001
  0.100000000000000E+001  0.161563249247826E+003  0.112449950385568E+001 -0.219666964044235E+001  0.568085713081919E+001
  0.100000000000000E+001  0.161558917767432E+003  0.114950165636303E+001 -0.194786997107011E+001  0.648388040007511E+001
  0.100000000000000E+001  0.158331216045341E+003  0.103939172603343E+001  0.314670822634245E+001  0.516181270183996E+001
  0.100000000000000E+001  0.161339757909707E+003  0.476603486084574E+000  0.787679866289764E+001  0.524433774868378E+001
  0.100000000000000E+001  0.161294113327719E+003  0.931217586792843E+000  0.382208238942101E+001  0.739086065672020E+001
  0.100000000000000E+001  0.161286362386717E+003  0.776534063827545E+000  0.655621741494734E+001  0.699113719860068E+001
  0.100000000000000E+001  0.161179211479896E+003  0.849669228028693E+000  0.698756258330405E+000  0.603246250174810E+001
  0.100000000000000E+001  0.161065033636220E+003  0.610715519583287E+000  0.500748554707204E+001  0.664685880031199E+001
  0.100000000000000E+001  0.161043882678230E+003  0.873354577145709E+000  0.227859798272810E+001  0.741832862069559E+001
  0.100000000000000E+001  0.161043530832075E+003  0.113452433659645E+001 -0.695444938707261E+000  0.693521673280113E+001
  0.100000000000000E+001  0.161024445783887E+003  0.484806443586143E+000  0.871654875827851E+001  0.545121418798171E+001
  0.100000000000000E+001  0.161015343090359E+003  0.115059035309137E+001 -0.196914034728934E+000  0.692975273677677E+001
  0.100000000000000E+001  0.160909242458288E+003  0.781076860444014E+000  0.619349640086189E+001  0.387869832370166E+001
  0.100000000000000E+001  0.158348412432388E+003  0.632690906352472E+000  0.576763796217020E+001  0.625989603087549E+001
  0.100000000000000E+001  0.160759580471204E+003  0.527045047803034E+000  0.675575123890627E+001  0.622419271370464E+001
  0.100000000000000E+001  0.160743325487095E+003  0.849128602356140E+000  0.328701591199483E+001  0.744716185470280E+001
  0.100000000000000E+001  0.160731898667940E+003  0.118629056664495E+001  0.525676282697219E+000  0.474754941451835E+001
  0.100000000000000E+001  0.160684205556163E+003  0.876818157168117E+000  0.429542431994402E+001  0.731604288938940E+001
  0.100000000000000E+001  0.160607663590321E+003  0.655207874933804E+000  0.417784333712397E+001  0.443827672553473E+001
  0.100000000000000E+001  0.160570262694521E+003  0.104260628889161E+001  0.360758720538735E+001  0.593953847240027E+001
  0.100000000000000E+001  0.160512634390306E+003  0.615467231236050E+000  0.769181613412897E+001  0.669134290341019E+001
  0.100000000000000E+001  0.158351457364796E+003  0.115509782927737E+001  0.189874065300515E+000  0.471806649286454E+001
  0.100000000000000E+001  0.158424195948647E+003  0.115539547527687E+001  0.790402598870230E-001  0.587800426369971E+001
  0.100000000000000E+001  0.158426463220616E+003  0.968530997162365E+000  0.297622538798933E+000  0.432723255802417E+001
  0.100000000000000E+001  0.160332015887245E+003  0.100358910054593E+001  0.328500878681704E+001  0.685712098462818E+001
  0.100000000000000E+001  0.160306660318221E+003  0.862624551813098E+000  0.594950407603018E+001  0.464125663912647E+001
  0.100000000000000E+001  0.160230305235488E+003  0.616701653177627E+000  0.680274479036235E+001  0.683519635010867E+001
  0.100000000000000E+001  0.160207089370753E+003  0.735164649607858E+000  0.491036692186681E+001  0.352230077859894E+001
  0.100000000000000E+001  0.160168368013655E+003  0.730718506663290E+000  0.593349710895771E+001  0.709111308355003E+001
  0.100000000000000E+001  0.158441797147092E+003  0.102087393161360E+001  0.185922262006353E+001  0.378025483336363E+001
  0.100000000000000E+001  0.160115446195908E+003  0.116042046995057E+001 -0.159258362373884E+001  0.475683936538732E+001
  0.100000000000000E+001  0.160100427263393E+003  0.109419147054637E+001 -0.212203692544463E+000  0.397038546278011E+001
  0.100000000000000E+001  0.160098149636680E+003  0.117974288191283E+001  0.792078312778088E+000  0.516246345291875E+001
  0.100000000000000E+001  0.160020346741361E+003  0.113702637734665E+001  0.132901646327895E+001  0.456628092264060E+001
  0.100000000000000E+001  0.159992701929060E+003  0.745209358200448E+000  0.572335251287288E+001  0.362871400185798E+001
  0.100000000000000E+001  0.158485974002498E+003  0.113415407767711E+001  0.877315669554420E+000  0.461630701843379E+001
  0.100000000000000E+001  0.159925930885697E+003  0.657153505301471E+000  0.690388460636832E+001  0.679358715347337E+001
  0.100000000000000E+001  0.159878621233289E+003  0.931208674001883E+000  0.520752333776525E+001  0.546971790303398E+001
  0.100000000000000E+001  0.158522298033360E+003  0.779823605512358E+000  0.370970889564742E+001  0.367293676844797E+001
  0.100000000000000E+001  0.158522731248367E+003  0.854700405952566E+000  0.585680523830865E+001  0.559845682937886E+001
  0.100000000000000E+001  0.159808612197276E+003  0.663533957699681E+000  0.548268543386378E+001  0.688459991326397E+001
  0.100000000000000E+001  0.159769030684261E+003  0.976872276635842E+000 -0.520732155048279E+000  0.525846978376747E+001
  0.100000000000000E+001  0.158634299153519E+003  0.765998013065279E+000  0.636977750326614E+001  0.631491074086117E+001
  0.100000000000000E+001  0.159693159946568E+003  0.893172913044414E+000  0.202384229583528E+001  0.705846738968717E+001
  0.100000000000000E+001  0.159659879008621E+003  0.818610965758403E+000  0.239414579656693E+001  0.386096475609238E+001
  0.100000000000000E+001  0.159564708317511E+003  0.546169199440578E+000  0.809004840958147E+001  0.488103638225532E+001
  0.100000000000000E+001  0.159505796773564E+003  0.861383259782561E+000  0.604057412112272E+001  0.544143432468616E+001
  0.100000000000000E+001  0.159485209884788E+003  0.904906070188290E+000  0.335339218846556E+001  0.710684455822473E+001
  0.100000000000000E+001  0.159468347740546E+003  0.908106188950292E+000  0.540845888481586E+001  0.514987117611214E+001
  0.100000000000000E+001  0.159425150157350E+003  0.549600574848696E+000  0.828827479175797E+001  0.559168757886552E+001
  0.100000000000000E+001  0.159381778856895E+003  0.928806532553490E+000  0.267348694370516E+001  0.708896644349091E+001
  0.100000000000000E+001  0.159380588475028E+003  0.882680002462014E+000  0.539202959559455E+001  0.443326854859751E+001
  0.100000000000000E+001  0.159378810314277E+003  0.802154260168032E+000  0.562550720878016E+001  0.383379543944460E+001
  0.100000000000000E+001  0.159369583632097E+003  0.551416476559489E+000  0.761024842986049E+001  0.603920021515760E+001
  0.100000000000000E+001  0.159352191661499E+003  0.679098892537295E+000  0.733107607217730E+001  0.434384452734721E+001
  0.100000000000000E+001  0.159342601753309E+003  0.106505357824705E+001  0.290722280637449E+001  0.497708712872229E+001
  0.100000000000000E+001  0.158819705937270E+003  0.649771691973016E+000  0.478145377713913E+001  0.619750023127199E+001
  0.100000000000000E+001  0.159282037973030E+003  0.945483977745170E+000  0.312193129927323E+001  0.697502259273652E+001
  0.100000000000000E+001  0.159280609704679E+003  0.906840254037479E+000  0.500187482808347E+001  0.631460462350388E+001
  0.100000000000000E+001  0.159222857990305E+003  0.801605872115484E+000  0.171013744357256E+001  0.519291655122366E+001
  0.100000000000000E+001  0.158842850589079E+003  0.110029167616051E+001 -0.775157141001969E+000  0.445611967561459E+001
  0.100000000000000E+001  0.159143599246412E+003  0.731805196810555E+000  0.691199701176569E+001  0.630152446459978E+001
  0.100000000000000E+001  0.159117395639854E+003  0.934691180401060E+000  0.146606731882150E+001  0.368479719859213E+001
  0.100000000000000E+001  0.158842866048300E+003  0.647278600513674E+000  0.432898381267874E+001  0.511791905904211E+001
  0.100000000000000E+001  0.159101515028579E+003  0.105790452279032E+001  0.204707752818705E+001  0.404639270702835E+001
  0.100000000000000E+001  0.159083196456952E+003  0.113602963632513E+001 -0.139032168704940E+001  0.499949778224943E+001
  0.100000000000000E+001  0.159032104391539E+003  0.899150987256991E+000  0.121342525669523E+001  0.654379303004035E+001
  0.100000000000000E+001  0.158989708405603E+003  0.809997405323298E+000  0.347244530038094E+001  0.355110847304323E+001
  0.100000000000000E+001  0.158891954123066E+003  0.104064473304143E+001  0.313946018225040E+001  0.477345467380269E+001
  0.100000000000000E+001  0.158971096722853E+003  0.720495361082385E+000  0.731584472117058E+001  0.581548954007158E+001
  0.100000000000000E+001  0.158959401726113E+003  0.894558317647836E+000  0.217520587412061E+001  0.690509003987730E+001
  0.100000000000000E+001  0.158920063686862E+003  0.577906016414392E+000  0.697437376583400E+001  0.614256684678192E+001
  0.100000000000000E+001  0.158915884491997E+003  0.968255977835781E+000  0.493694848770275E+000  0.649918063435051E+001
  0.100000000000000E+001  0.158229293250200E+003  0.922303411743552E+000  0.412546640950063E+001  0.645263754541853E+001
  0.100000000000000E+001  0.158224846313983E+003  0.109330523477210E+001 -0.990898915805396E+000  0.506563558566766E+001
  0.100000000000000E+001  0.158221303728494E+003  0.107807479740045E+001  0.160309958921344E+001  0.623850265030865E+001
  0.100000000000000E+001  0.158215050131413E+003  0.101231927397205E+001  0.235047835568727E+001  0.652846297627231E+001
  0.100000000000000E+001  0.158205513383182E+003  0.640231057273005E+000  0.654951847259910E+001  0.629050231819301E+001
  0.100000000000000E+001  0.158176169561005E+003  0.111178857777348E+001  0.768291434710633E+000  0.614301438585741E+001
  0.100000000000000E+001  0.158170103098266E+003  0.927182874833734E+000  0.196426799294667E+001  0.671099030843294E+001
  0.100000000000000E+001  0.158168860105028E+003  0.832135616037715E+000  0.595771195228041E+001  0.577034596669329E+001
  0.100000000000000E+001  0.158137812883301E+003  0.725275991139322E+000  0.352500670359490E+001  0.608548147717437E+001
  0.100000000000000E+001  0.158093040340662E+003  0.808148401879576E+000  0.474258208352370E+001  0.669464511570761E+001
  0.100000000000000E+001  0.158076349609873E+003  0.102900261058424E+001 -0.544706024772346E+000  0.545974671121596E+001
  0.100000000000000E+001  0.158062383784272E+003  0.632472537792555E+000  0.740532115376485E+001  0.586714294925530E+001
  0.100000000000000E+001  0.158055675324076E+003  0.657349931073574E+000  0.728702804813717E+001  0.592196997971128E+001
  0.100000000000000E+001  0.158031957306711E+003  0.695701317790456E+000  0.615517330053191E+001  0.642752879094701E+001
  0.100000000000000E+001  0.158031467504387E+003  0.112481620558669E+001  0.111778295004154E+001  0.478048277448668E+001
  0.100000000000000E+001  0.158004209999311E+003  0.693067545631889E+000  0.737575500600683E+001  0.516852982602399E+001
  0.100000000000000E+001  0.158001163418425E+003  0.106547942337792E+001  0.109348571639433E+001  0.399892232970154E+001
  0.100000000000000E+001  0.157992612504186E+003  0.107735410632181E+001 -0.203798372863815E+000  0.429134004664436E+001
  0.100000000000000E+001  0.157987927551148E+003  0.909157011567237E+000  0.506776245509351E+001  0.519419867020134E+001
  0.100000000000000E+001  0.157985732436797E+003  0.758720662525679E+000  0.360699570684569E+001  0.644340123546798E+001
  0.100000000000000E+001  0.157971026385628E+003  0.101620759138509E+001  0.225080153584855E+001  0.645676817048636E+001
  0.100000000000000E+001  0.157958687737381E+003  0.811626735532142E+000  0.435804103293026E+001  0.670961337974834E+001
  0.100000000000000E+001  0.157926664309707E+003  0.895773192945810E+000  0.789760402766859E+000  0.517801306106578E+001
  0.100000000000000E+001  0.157877322067217E+003  0.736046731363666E+000  0.510068203185965E+001  0.373830989966052E+001
  0.100000000000000E+001  0.157854672606001E+003  0.104532418048804E+001 -0.376435321587110E+000  0.584354246897927E+001
  0.100000000000000E+001  0.157803750339868E+003  0.922559708522555E+000  0.482914350987369E+001  0.507381450501569E+001
  0.100000000000000E+001  0.157749140472386E+003  0.100447628880292E+001  0.128121844113156E+001  0.649893204565514E+001
  0.100000000000000E+001  0.157735696053300E+003  0.107236230263033E+001  0.215210762720568E+001  0.573619848456433E+001
  0.100000000000000E+001  0.157733043018128E+003  0.742282819188273E+000  0.372254596870127E+001  0.627744324072652E+001
  0.100000000000000E+001  0.157732866827432E+003  0.697028011548886E+000  0.529146594774413E+001  0.390228091843989E+001
  0.100000000000000E+001  0.157731865735154E+003  0.841262953876833E+000  0.325327587567246E+001  0.665285628297367E+001
  0.100000000000000E+001  0.157710254612012E+003  0.776094822350413E+000  0.625517188736444E+001  0.440037559297510E+001
  0.100000000000000E+001  0.157673512300870E+003  0.923299043287715E+000  0.467717392698555E+001  0.469900309761861E+001
  0.100000000000000E+001  0.157662159814152E+003  0.887610583232270E+000  0.245954374595065E+001  0.659927640773403E+001
  0.100000000000000E+001  0.157652355356825E+003  0.741148306935994E+000  0.299824670407888E+001  0.513379649576504E+001
  0.100000000000000E+001  0.157619439851967E+003  0.816383002842653E+000  0.351855342078980E+001  0.364850326840674E+001
  0.100000000000000E+001  0.157617307637568E+003  0.711390874109015E+000  0.683091003728940E+001  0.588277159509579E+001
  0.100000000000000E+001  0.157602350744046E+003  0.870187456597654E+000  0.548208307748040E+001  0.522695963603711E+001
  0.100000000000000E+001  0.157588558988483E+003  0.728417499592379E+000  0.322283650898314E+001  0.519436744280540E+001
  0.100000000000000E+001  0.157584045575145E+003  0.641854023247824E+000  0.648228122018355E+001  0.607997717769791E+001
  0.100000000000000E+001  0.157550637103865E+003  0.718899726813390E+000  0.684766584022812E+001  0.576743164667000E+001
  0.100000000000000E+001  0.157505206713811E+003  0.814329140357285E+000  0.228788504657007E+001  0.598276524200020E+001
  0.100000000000000E+001  0.157489060908260E+003  0.858834643942685E+000  0.361927056354416E+001  0.661853020172961E+001
  0.100000000000000E+001  0.157474785814286E+003  0.780692417818495E+000  0.288935875753864E+001  0.606272886636189E+001
  0.100000000000000E+001  0.157464819014673E+003  0.847533871839257E+000  0.204146157298632E+001  0.614868886029635E+001
  0.100000000000000E+001  0.157441715063983E+003  0.954942421574513E+000  0.419513069811735E+001  0.477116132205630E+001
  0.100000000000000E+001  0.157425435513966E+003  0.819064407354382E+000  0.489052944364005E+001  0.644349159146562E+001
  0.100000000000000E+001  0.157424334483794E+003  0.767483517752206E+000  0.616867478003174E+001  0.601011569452416E+001
  0.100000000000000E+001  0.157407410553419E+003  0.711537471448526E+000  0.568346287129546E+001  0.634137967897773E+001
  0.100000000000000E+001  0.157405745083435E+003  0.808453456800141E+000  0.216502948097541E+001  0.565338976583357E+001
  0.100000000000000E+001  0.157397870751520E+003  0.100439303616928E+001 -0.289707677880671E-001  0.465463985741854E+001
  0.100000000000000E+001  0.157363894238026E+003  0.712538369973822E+000  0.699814806568041E+001  0.544067445621345E+001
  0.100000000000000E+001  0.157356456371024E+003  0.809114722404138E+000  0.214865354546208E+001  0.471716686996548E+001
  0.100000000000000E+001  0.157353031945945E+003  0.108611764298658E+001  0.173095103468458E+001  0.468805284180539E+001
  0.100000000000000E+001  0.157347674089267E+003  0.636124124082086E+000  0.684157194030601E+001  0.586265152381076E+001
  0.100000000000000E+001  0.157344754529115E+003  0.630043376761352E+000  0.536401185013666E+001  0.551682279393630E+001
  0.100000000000000E+001  0.157328309786867E+003  0.802712737873422E+000  0.218732206207321E+001  0.544407687714013E+001
  0.100000000000000E+001  0.157326215002127E+003  0.917407198482697E+000  0.118550548611306E+001  0.608159563217907E+001
  0.100000000000000E+001  0.157315829739255E+003  0.717154240231705E+000  0.374130558955672E+001  0.451692027856945E+001
  0.100000000000000E+001  0.157297708593518E+003  0.806193481892514E+000  0.359921760165241E+001  0.370517342095575E+001
  0.100000000000000E+001  0.157287755072109E+003  0.702976860779090E+000  0.598850148626887E+001  0.623416140758112E+001
  0.100000000000000E+001  0.157278218377613E+003  0.661663173650978E+000  0.723736463401183E+001  0.482866440884164E+001
  0.100000000000000E+001  0.157265109442423E+003  0.112139201350954E+001  0.316624806374165E+000  0.569875473911801E+001
  0.100000000000000E+001  0.157231211691931E+003  0.101258569791404E+001 -0.139568153796432E+000  0.545411026788832E+001
  0.100000000000000E+001  0.157229518784606E+003  0.600313201576185E+000  0.711995156222522E+001  0.500101488445068E+001
  0.100000000000000E+001  0.157222386376040E+003  0.924089486978562E+000  0.146663471330635E+001  0.626289994737876E+001
  0.100000000000000E+001  0.157200846619879E+003  0.112964242855768E+001 -0.151153109570188E+000  0.550386805936466E+001
  0.100000000000000E+001  0.157197194267546E+003  0.881922756980839E+000  0.270948136448261E+001  0.650453607369058E+001
  0.100000000000000E+001  0.157181866076984E+003  0.102768021838508E+001  0.535187126785715E+000  0.410162825845057E+001
  0.100000000000000E+001  0.157177134184335E+003  0.776076584164513E+000  0.263183292481091E+001  0.483437538785402E+001
  0.100000000000000E+001  0.157174470823220E+003  0.902816546654969E+000  0.326942873933325E+001  0.650559780277821E+001
  0.100000000000000E+001  0.157172359626838E+003  0.974904471512901E+000  0.944303763033815E+000  0.620072386509269E+001
  0.100000000000000E+001  0.157166835431573E+003  0.701620008725877E+000  0.564156502277703E+001  0.396317255036452E+001
  0.100000000000000E+001  0.157153680027350E+003  0.105841775981686E+001 -0.315605233956575E+000  0.559495548095711E+001
  0.100000000000000E+001  0.157106629716387E+003  0.105246920938683E+001 -0.730960948325219E-001  0.579824444187773E+001
  0.100000000000000E+001  0.157089106496654E+003  0.931984685410013E+000  0.104889451991819E+001  0.422644996550105E+001
  0.100000000000000E+001  0.157072163921473E+003  0.998016264527625E+000  0.240913465076834E+001  0.625037739857116E+001
  0.100000000000000E+001  0.157061366297751E+003  0.999936873078000E+000  0.206540524663410E-001  0.545703778554179E+001
  0.100000000000000E+001  0.157061017988202E+003  0.846808792632031E+000  0.241436425068449E+001  0.395471229744755E+001
  0.100000000000000E+001  0.157028258197910E+003  0.661173147104103E+000  0.491378615830951E+001  0.459074053363747E+001
  0.100000000000000E+001  0.157023303241024E+003  0.100466612851663E+001  0.277563758072353E+001  0.602518648332825E+001
  0.100000000000000E+001  0.157003950759661E+003  0.102928175624850E+001  0.292517075469630E+001  0.511065604630277E+001
  0.100000000000000E+001  0.156994781288928E+003  0.101736489738045E+001  0.302758311541146E+001  0.554205162209129E+001
  0.100000000000000E+001  0.156992786418834E+003  0.658596089398185E+000  0.507548308135144E+001  0.572078161344491E+001
  0.100000000000000E+001  0.156987462451616E+003  0.683058141011834E+000  0.700588413699055E+001  0.550157462089092E+001
  0.100000000000000E+001  0.156976410449767E+003  0.924188881917987E+000  0.157088790476436E+001  0.623317523764022E+001
  0.100000000000000E+001  0.156942064511523E+003  0.902522396512629E+000  0.302088761949858E+001  0.645946469165518E+001
  0.100000000000000E+001  0.156910625401055E+003  0.655255485299458E+000  0.690331369727843E+001  0.565258612690917E+001
  0.100000000000000E+001  0.156903403439904E+003  0.103838442581379E+001  0.112235601409033E+001  0.402603686785711E+001
  0.100000000000000E+001  0.156897493606257E+003  0.110869073880136E+001  0.898742771799874E-001  0.562231661910346E+001
  0.100000000000000E+001  0.156889109676102E+003  0.626496000243219E+000  0.559567245651542E+001  0.512026110959393E+001
  0.100000000000000E+001  0.156879569916101E+003  0.814824598381885E+000  0.545281678154113E+001  0.417614596134373E+001
  0.100000000000000E+001  0.156845535273698E+003  0.788279391208016E+000  0.353675285154583E+001  0.626112843191897E+001
  0.100000000000000E+001  0.156842277476427E+003  0.880001244060514E+000  0.274258013017204E+001  0.640649378647540E+001
  0.100000000000000E+001  0.156806559376961E+003  0.737454557866658E+000  0.484163891513374E+001  0.625882024173360E+001
  0.100000000000000E+001  0.156801418997705E+003  0.110180019646215E+001 -0.383147035061114E+000  0.509518050463783E+001
  0.100000000000000E+001  0.156794818271797E+003  0.749517375539095E+000  0.489904547571633E+001  0.629142766445223E+001
  0.100000000000000E+001  0.156777677294457E+003  0.653080541390024E+000  0.519165331672167E+001  0.557511821198127E+001
  0.100000000000000E+001  0.156776172548570E+003  0.875804695081674E+000  0.310452040093905E+001  0.366864482174274E+001
  0.100000000000000E+001  0.156765061888359E+003  0.776532290380463E+000  0.452509836026478E+001  0.376158170779674E+001
  0.100000000000000E+001  0.156760161945784E+003  0.800949306293501E+000  0.342071463016518E+001  0.384812788599387E+001
  0.100000000000000E+001  0.156756624070423E+003  0.683326981689291E+000  0.701910317989426E+001  0.508073922478294E+001
  0.100000000000000E+001  0.156740225465291E+003  0.715322836973665E+000  0.552309269188497E+001  0.615602472773838E+001
  0.100000000000000E+001  0.156712408245709E+003  0.102613442950220E+001  0.889209037781214E+000  0.405957973558869E+001
  0.100000000000000E+001  0.156706472918498E+003  0.107997191655353E+001  0.936834267231674E+000  0.435045312549373E+001
  0.100000000000000E+001  0.156687070459597E+003  0.854954918142091E+000  0.174296790962269E+001  0.459445805775741E+001
  0.100000000000000E+001  0.156663807827199E+003  0.103094636005661E+001  0.255449866848754E+001  0.453894201470676E+001
  0.100000000000000E+001  0.156659540570840E+003  0.975251542679828E+000  0.318441249305553E+001  0.416955628184173E+001
  0.100000000000000E+001  0.156654110094243E+003  0.968479761928097E+000  0.370884904157846E+001  0.557092135730878E+001
  0.100000000000000E+001  0.156651805725401E+003  0.909006565753186E+000  0.407890433183518E+001  0.405694890835706E+001
  0.100000000000000E+001  0.156611321669563E+003  0.850574440857017E+000  0.396953043134081E+001  0.371720470654745E+001
  0.100000000000000E+001  0.156605092136815E+003  0.817973312819044E+000  0.370096709415212E+001  0.372757146443884E+001
  0.100000000000000E+001  0.156603200649004E+003  0.966592490022031E+000  0.374114356847093E+001  0.553471258513056E+001
  0.100000000000000E+001  0.156585501525151E+003  0.652409174617277E+000  0.665758420688864E+001  0.562466055317320E+001
  0.100000000000000E+001  0.156569395872199E+003  0.688633633142756E+000  0.680176863776134E+001  0.547076071136685E+001
  0.100000000000000E+001  0.156536826843295E+003  0.105309626679903E+001  0.193932215038448E+001  0.568555350767453E+001
  0.100000000000000E+001  0.156531198176586E+003  0.994839897315380E+000  0.336449438919006E+001  0.523037935402150E+001
  0.100000000000000E+001  0.156531115282540E+003  0.104611215968591E+001  0.228082437198671E+001  0.550755049924710E+001
  0.100000000000000E+001  0.156527298187033E+003  0.914875544215619E+000  0.125371126070479E+001  0.579613482775870E+001
  0.100000000000000E+001  0.156521991988684E+003  0.829562127804411E+000  0.215384038659664E+001  0.560991129360082E+001
  0.100000000000000E+001  0.156511826361135E+003  0.800076510376776E+000  0.403356498808212E+001  0.630097088222519E+001
  0.100000000000000E+001  0.156489172925199E+003  0.816144649239908E+000  0.461238550806935E+001  0.625072345135762E+001
  0.100000000000000E+001  0.156477497529973E+003  0.862368439226096E+000  0.157477670639932E+001  0.501258988426272E+001
  0.100000000000000E+001  0.156457777599467E+003  0.727606427641376E+000  0.659474065159083E+001  0.481657594502443E+001
  0.100000000000000E+001  0.156455532972204E+003  0.958349731544016E+000  0.381981797846277E+001  0.461080919920945E+001
  0.100000000000000E+001  0.156448102400137E+003  0.740751867477937E+000  0.350346145512233E+001  0.553104579322282E+001
  0.100000000000000E+001  0.156439072383984E+003  0.630166176155966E+000  0.586632930632274E+001  0.496129247733352E+001
  0.100000000000000E+001  0.156435420606972E+003  0.782329414427501E+000  0.468280964266319E+001  0.624313112654247E+001
  0.100000000000000E+001  0.156413467335183E+003  0.861022949430370E+000  0.526398831470001E+001  0.525605434449441E+001
  0.100000000000000E+001  0.156400305068183E+003  0.102290271975283E+001  0.135230684203714E+001  0.403519792856441E+001
  0.100000000000000E+001  0.156397874251897E+003  0.886008459012506E+000  0.262610292667604E+001  0.376664189329319E+001
  0.100000000000000E+001  0.156346119862620E+003  0.682395624813865E+000  0.685577376319745E+001  0.507115665631229E+001
  0.100000000000000E+001  0.156332346487159E+003  0.947197726750242E+000  0.263560890546256E+001  0.621867836411808E+001
  0.100000000000000E+001  0.156322362444563E+003  0.698008594515119E+000  0.674964290259379E+001  0.524782415936247E+001
  0.100000000000000E+001  0.156317055362821E+003  0.728553393958882E+000  0.569572879098885E+001  0.599539244104227E+001
  0.100000000000000E+001  0.156313073205301E+003  0.108139825390094E+001  0.265508237806969E+000  0.455183716094819E+001
  0.100000000000000E+001  0.156305856593587E+003  0.760014549201848E+000  0.422272979682545E+001  0.611896446638967E+001
  0.100000000000000E+001  0.156293469409074E+003  0.103135207582440E+001  0.228116387847635E+000  0.557470757405625E+001
  0.100000000000000E+001  0.156292849885258E+003  0.941150475399791E+000  0.323783515991789E+001  0.610162888470987E+001
  0.100000000000000E+001  0.156288041502268E+003  0.648261178210512E+000  0.536239245646210E+001  0.506978040863079E+001
  0.100000000000000E+001  0.156282115184824E+003  0.971692794318460E+000  0.180035690574721E+001  0.615239625922016E+001
  0.100000000000000E+001  0.156276809231660E+003  0.742383213549075E+000  0.357633769499262E+001  0.556717075049450E+001
  0.100000000000000E+001  0.156256311692900E+003  0.661545261133383E+000  0.646356997926773E+001  0.557674012023680E+001
  0.100000000000000E+001  0.156251569714228E+003  0.907389906158779E+000  0.424642541305909E+001  0.581626521540268E+001
  0.100000000000000E+001  0.156240498942364E+003  0.640548252498544E+000  0.565644411899807E+001  0.513208698390845E+001
  0.100000000000000E+001  0.156239757660203E+003  0.853761963552359E+000  0.320733370247416E+001  0.375100932521265E+001
  0.100000000000000E+001  0.156221567336650E+003  0.959631511529660E+000  0.575112392734127E+000  0.495897673672685E+001
  0.100000000000000E+001  0.156214727634688E+003  0.108383084268785E+001  0.938548790465106E+000  0.551631026617695E+001
  0.100000000000000E+001  0.156210678843678E+003  0.724255843371886E+000  0.373928591312286E+001  0.495439218420502E+001
  0.100000000000000E+001  0.156207567131955E+003  0.903408048981997E+000  0.166694858682511E+001  0.590420664598201E+001
  0.100000000000000E+001  0.156206706841593E+003  0.102380982286587E+001  0.106153986369721E+001  0.593681961791982E+001
  0.100000000000000E+001  0.156195115999110E+003  0.938977030435715E+000  0.806836993896511E+000  0.526586219706742E+001
  0.100000000000000E+001  0.156171770202486E+003  0.947023062146302E+000  0.835941621076017E+000  0.549724135551361E+001
  0.100000000000000E+001  0.156162067295241E+003  0.696384158950977E+000  0.446279985999276E+001  0.459351467157386E+001
  0.100000000000000E+001  0.156158415736821E+003  0.908711358409151E+000  0.456390923709115E+001  0.524326286822378E+001
  0.100000000000000E+001  0.156152800319360E+003  0.960639121894071E+000  0.363968290146580E+001  0.451389946004411E+001
  0.100000000000000E+001  0.156142708818097E+003  0.102248460718442E+001  0.615404442792666E+000  0.576271099821412E+001
  0.100000000000000E+001  0.156121469254607E+003  0.756549608608982E+000  0.503089737811956E+001  0.608419772472180E+001
  0.100000000000000E+001  0.156112870218428E+003  0.710636669866872E+000  0.564103445958555E+001  0.591003788598030E+001
  0.100000000000000E+001  0.156105351409940E+003  0.873718973733052E+000  0.271958805611983E+001  0.381588762457571E+001
  0.100000000000000E+001  0.156095314678219E+003  0.107981639348254E+001  0.139965497360367E+001  0.514590284627635E+001
  0.100000000000000E+001  0.156088723368013E+003  0.862328681369947E+000  0.314187913478102E+001  0.621375604226572E+001
  0.100000000000000E+001  0.156065511388281E+003  0.102451820163932E+001  0.257093360196944E+001  0.539003487689802E+001
  0.100000000000000E+001  0.156058223488344E+003  0.793091905340296E+000  0.579513910381289E+001  0.550590602140073E+001
  0.100000000000000E+001  0.156050100744104E+003  0.103613167901144E+001  0.280264452644971E+000  0.549785277796420E+001
  0.100000000000000E+001  0.156043065174550E+003  0.998590664790931E+000  0.308297110239239E+001  0.533217801184192E+001
  0.100000000000000E+001  0.156042647662183E+003  0.819823548245446E+000  0.548150535513308E+001  0.449500405198238E+001
  0.100000000000000E+001  0.156042329869250E+003  0.727669493587402E+000  0.478128843702281E+001  0.595524526361875E+001
  0.100000000000000E+001  0.156040546894646E+003  0.776035192604986E+000  0.342250764996831E+001  0.583673044092756E+001
  0.100000000000000E+001  0.156039571364977E+003  0.734106960238029E+000  0.483231933623719E+001  0.599542453571085E+001
  0.100000000000000E+001  0.156037576258877E+003  0.101867708176875E+001  0.110573665553572E+001  0.412081263086033E+001
  0.100000000000000E+001  0.156036772987456E+003  0.862376398778976E+000  0.409098481880039E+001  0.385343146004684E+001
  0.100000000000000E+001  0.156032843160423E+003  0.992764448468506E+000  0.248210878968513E+001  0.591194679682576E+001
  0.100000000000000E+001  0.156017455810267E+003  0.763819805882652E+000  0.436557389202922E+001  0.606787881001281E+001
  0.100000000000000E+001  0.156017220219505E+003  0.855594042041693E+000  0.468087532982682E+001  0.590323096407724E+001
  0.100000000000000E+001  0.155973858828883E+003  0.701413509338902E+000  0.497488867362915E+001  0.577374598519297E+001
  0.100000000000000E+001  0.155960064047965E+003  0.101963681520982E+001  0.210252263872698E+001  0.578010015362697E+001
  0.100000000000000E+001  0.155946458337155E+003  0.931286268051270E+000  0.254651225985722E+001  0.614129799246317E+001
  0.100000000000000E+001  0.155942595492762E+003  0.847795845391271E+000  0.519918896388130E+001  0.543950034089843E+001
  0.100000000000000E+001  0.155931940336363E+003  0.107574363970677E+001  0.718877011646001E+000  0.455301864146947E+001
  0.100000000000000E+001  0.155908376345846E+003  0.107694210125133E+001  0.134410536967285E+001  0.512023214724611E+001
  0.100000000000000E+001  0.155903981326155E+003  0.105808041319589E+001  0.163431412137234E+001  0.544699470629835E+001
  0.100000000000000E+001  0.155891388256368E+003  0.982327773714670E+000  0.337416878248830E+001  0.495638860113475E+001
  0.100000000000000E+001  0.155879866675702E+003  0.898231628819634E+000  0.464466487793729E+001  0.494799052583428E+001
  0.100000000000000E+001  0.155879647872902E+003  0.103920312369120E+001  0.127516273368407E+001  0.576161695457493E+001
  0.100000000000000E+001  0.155857667012283E+003  0.852218032285957E+000  0.254422484456667E+001  0.403840986466955E+001
  0.100000000000000E+001  0.155853969888806E+003  0.873068243518174E+000  0.299262839894783E+001  0.614148531805859E+001
  0.100000000000000E+001  0.155848032958807E+003  0.983166028164080E+000  0.312404505844481E+001  0.446165655829082E+001
  0.100000000000000E+001  0.155839047577652E+003  0.974067706320918E+000  0.233990549705969E+001  0.599680167667416E+001
  0.100000000000000E+001  0.155836603768447E+003  0.759879517917223E+000  0.617239993823789E+001  0.496487802883456E+001
  0.100000000000000E+001  0.155825350519482E+003  0.899680970086239E+000  0.395624744351075E+001  0.591730365417518E+001
  0.100000000000000E+001  0.155819872285540E+003  0.703281864606222E+000  0.626740953487591E+001  0.552310243840276E+001
  0.100000000000000E+001  0.155810803431302E+003  0.697044536879474E+000  0.464084588237023E+001  0.455221327701054E+001
  0.100000000000000E+001  0.155809226586230E+003  0.960855073264635E+000  0.101460787496029E+001  0.433561063660447E+001
  0.100000000000000E+001  0.155799849962693E+003  0.751700425750330E+000  0.557197743469825E+001  0.583327688660130E+001
  0.100000000000000E+001  0.155797855924689E+003  0.670266920436999E+000  0.583267912441727E+001  0.553464792381355E+001
  0.100000000000000E+001  0.155785872100092E+003  0.101418454537861E+001  0.274387746132270E+001  0.485459799384405E+001
  0.100000000000000E+001  0.155775355723727E+003  0.103375862008875E+001  0.224430400862839E+001  0.535219355708419E+001
  0.100000000000000E+001  0.155767997760381E+003  0.103798015906742E+001  0.226298918755147E+001  0.492515376044110E+001
  0.100000000000000E+001  0.155765951483471E+003  0.968491793053154E+000  0.165649456969680E+001  0.596316839754942E+001
  0.100000000000000E+001  0.155753993641678E+003  0.937279227487352E+000  0.248256653052808E+001  0.607223987453288E+001
  0.100000000000000E+001  0.155745173536402E+003  0.699010803697526E+000  0.613092590157628E+001  0.441251764846344E+001
  0.100000000000000E+001  0.155728356213710E+003  0.743741350491964E+000  0.356180263590454E+001  0.494681932773550E+001
  0.100000000000000E+001  0.155721333934364E+003  0.680772396194583E+000  0.619794016934667E+001  0.547968571087813E+001
  0.100000000000000E+001  0.155707083134058E+003  0.916638034200506E+000  0.213870661186847E+001  0.392187260446811E+001
  0.100000000000000E+001  0.155698394801063E+003  0.703831884658567E+000  0.560335255567047E+001  0.572926703888252E+001
  0.100000000000000E+001  0.155694500036418E+003  0.693287311963533E+000  0.648847689722344E+001  0.483819950852010E+001
  0.100000000000000E+001  0.155670365604824E+003  0.866253437025673E+000  0.219702575413932E+001  0.419064787464135E+001
  0.100000000000000E+001  0.155664554489450E+003  0.833166170536350E+000  0.524747477906939E+001  0.545890917969267E+001
  0.100000000000000E+001  0.155641185312978E+003  0.902788250384220E+000  0.159757401213641E+001  0.436044774618941E+001
  0.100000000000000E+001  0.155591899226122E+003  0.936400331556003E+000  0.395335835306604E+001  0.469294851542944E+001
  0.100000000000000E+001  0.155582060025256E+003  0.947897359887874E+000  0.286997150374886E+001  0.397457841845169E+001
  0.100000000000000E+001  0.155569704400937E+003  0.901757916955604E+000  0.155698690592426E+001  0.550540579742369E+001
  0.100000000000000E+001  0.155565001434119E+003  0.775136429882541E+000  0.486329697196996E+001  0.593916351924625E+001
  0.100000000000000E+001  0.155561860527932E+003  0.107619120702488E+001  0.535848654715494E+000  0.497953658472244E+001
  0.100000000000000E+001  0.155553266997013E+003  0.754318547648052E+000  0.370383838971264E+001  0.553975494998214E+001
  0.100000000000000E+001  0.155550496786445E+003  0.106067721086053E+001  0.117881498685898E+001  0.539011985815455E+001
  0.100000000000000E+001  0.155548689323958E+003  0.906592802161452E+000  0.208168272896685E+001  0.400535975939360E+001
  0.100000000000000E+001  0.155543558128496E+003  0.676050247749314E+000  0.544266835203359E+001  0.539326483725983E+001
  0.100000000000000E+001  0.155533175966532E+003  0.992661808614871E+000  0.299212456511130E+001  0.527699851879570E+001
  0.100000000000000E+001  0.155529261934251E+003  0.679157026409350E+000  0.519427386329923E+001  0.531095925890179E+001
  0.100000000000000E+001  0.155525641888153E+003  0.103508513916503E+001  0.104276819131670E+001  0.432054183707401E+001
  0.100000000000000E+001  0.155519305531926E+003  0.835488864557779E+000  0.436905755072958E+001  0.596479085092519E+001
  0.100000000000000E+001  0.155519128653416E+003  0.946713832633895E+000  0.114493504845755E+001  0.442029916374299E+001
  0.100000000000000E+001  0.155505615598895E+003  0.942595043539987E+000  0.324023705905169E+001  0.581715959374134E+001
  0.100000000000000E+001  0.155476661225040E+003  0.100488224256204E+001  0.249465621156656E+001  0.439959325451974E+001
  0.100000000000000E+001  0.155471484718472E+003  0.810655050878526E+000  0.346145080637817E+001  0.591691552288024E+001
  0.100000000000000E+001  0.155452524944413E+003  0.868479809128558E+000  0.357009431579289E+001  0.602711871077492E+001
  0.100000000000000E+001  0.155446767060173E+003  0.741198915276018E+000  0.524136809161062E+001  0.579626077301803E+001
  0.100000000000000E+001  0.155444136704708E+003  0.103897119110972E+001  0.115790594956096E+001  0.435767628289351E+001
  0.100000000000000E+001  0.155442380044300E+003  0.676860098815256E+000  0.515174395361839E+001  0.502471083699406E+001
  0.100000000000000E+001  0.155441996544504E+003  0.940851721350011E+000  0.100208306784410E+001  0.493810138209160E+001
  0.100000000000000E+001  0.155439259449202E+003  0.105334697067031E+001  0.167471671960975E+001  0.510557241979022E+001
  0.100000000000000E+001  0.155436828550565E+003  0.972517013553782E+000  0.264984187790184E+001  0.579118281941860E+001
  0.100000000000000E+001  0.155424589805543E+003  0.106493348266082E+001  0.502637440952839E+000  0.506135879262986E+001
  0.100000000000000E+001  0.155421018935799E+003  0.677357497550614E+000  0.569469597110383E+001  0.454935702972214E+001
  0.100000000000000E+001  0.155415800301409E+003  0.787157015071000E+000  0.563657083295838E+001  0.451423871640606E+001
  0.100000000000000E+001  0.155405964532242E+003  0.933914588670024E+000  0.127824223544539E+001  0.444433357423509E+001
  0.100000000000000E+001  0.155404119841649E+003  0.830973256653222E+000  0.350923591687560E+001  0.598471752065542E+001
  0.100000000000000E+001  0.155400321321490E+003  0.708984370525345E+000  0.548458888471511E+001  0.427098698538000E+001
  0.100000000000000E+001  0.155380044901804E+003  0.918370248395809E+000  0.163591898104144E+001  0.424396109304431E+001
  0.100000000000000E+001  0.155374472713395E+003  0.810056232393966E+000  0.322671131567640E+001  0.578784354457239E+001
  0.100000000000000E+001  0.155359600911804E+003  0.856905550023297E+000  0.199712539787379E+001  0.478675277390182E+001
  0.100000000000000E+001  0.155351399265672E+003  0.766599445281162E+000  0.547081233552576E+001  0.566560595389029E+001
  0.100000000000000E+001  0.155343196295274E+003  0.853521463265954E+000  0.428197720015405E+001  0.399833522664805E+001
  0.100000000000000E+001  0.155340140419154E+003  0.667002080766753E+000  0.579856904408079E+001  0.509844481165927E+001
  0.100000000000000E+001  0.155337592625390E+003  0.102732484649302E+001  0.674489485963647E+000  0.452908834247550E+001
  0.100000000000000E+001  0.155336758296287E+003  0.700725077186648E+000  0.462548229432542E+001  0.479339464741926E+001
  0.100000000000000E+001  0.155335699407643E+003  0.778871094520045E+000  0.569229556967564E+001  0.452890531675292E+001
  0.100000000000000E+001  0.155329708930938E+003  0.827857615267295E+000  0.399822679268355E+001  0.387541766489641E+001
  0.100000000000000E+001  0.155327577297250E+003  0.744157024377565E+000  0.372293495090361E+001  0.482955784053378E+001
  0.100000000000000E+001  0.155320173395359E+003  0.104893418066201E+001  0.556157548551653E+000  0.471596304194951E+001
  0.100000000000000E+001  0.155308639795316E+003  0.693377408234874E+000  0.576451981665049E+001  0.546091383541683E+001
  0.100000000000000E+001  0.155281924418197E+003  0.103540391788362E+001  0.165509810970593E+001  0.544479415462448E+001
  0.100000000000000E+001  0.155256861532380E+003  0.106281448569342E+001  0.826332778351357E+000  0.510213951340196E+001
  0.100000000000000E+001  0.155253686352662E+003  0.973765031578344E+000  0.100750607215916E+001  0.545355776812312E+001
  0.100000000000000E+001  0.155246690959254E+003  0.834489090661938E+000  0.329691493377507E+001  0.393847209307764E+001
  0.100000000000000E+001  0.155236354343243E+003  0.878955771981285E+000  0.413256356566275E+001  0.575681310073790E+001
  0.100000000000000E+001  0.155227691875549E+003  0.705605757152440E+000  0.611548614594804E+001  0.525690345275690E+001
  0.100000000000000E+001  0.155226356052574E+003  0.104712679798426E+001  0.142158506338578E+001  0.531161173892830E+001
  0.100000000000000E+001  0.155215742683684E+003  0.770141830514506E+000  0.586355751913243E+001  0.491991632503348E+001
  0.100000000000000E+001  0.155184119637146E+003  0.791180821109141E+000  0.519991086819512E+001  0.565468664858855E+001
  0.100000000000000E+001  0.155174490919298E+003  0.105140491565124E+001  0.119864425758531E+001  0.462882532615382E+001
  0.100000000000000E+001  0.155154856117790E+003  0.105234310298456E+001  0.661158778699260E+000  0.505430148757049E+001
  0.100000000000000E+001  0.155138455440255E+003  0.104956214529587E+001  0.134671739815103E+001  0.521786469959110E+001
  0.100000000000000E+001  0.155120187519559E+003  0.927993728421139E+000  0.370194383782038E+001  0.434864192086272E+001
  0.100000000000000E+001  0.155117792487566E+003  0.785004109809265E+000  0.356804957803583E+001  0.421005874653100E+001
  0.100000000000000E+001  0.155115505064425E+003  0.103373595293097E+001  0.168689495914900E+001  0.535355659558330E+001
  0.100000000000000E+001  0.155098864554165E+003  0.686920912474148E+000  0.545767452427275E+001  0.525718048827002E+001
  0.100000000000000E+001  0.155090456239864E+003  0.676313935492872E+000  0.572985520820841E+001  0.496589378124094E+001
  0.100000000000000E+001  0.155082655438811E+003  0.794279854172038E+000  0.404825284455252E+001  0.583333855786540E+001
  0.100000000000000E+001  0.155068674652092E+003  0.949401769482240E+000  0.246529172766408E+001  0.400187378739981E+001
  0.100000000000000E+001  0.155062157750746E+003  0.102577975922532E+001  0.174551893235103E+001  0.541556247051098E+001
  0.100000000000000E+001  0.155019635000165E+003  0.875090076278211E+000  0.244035251272784E+001  0.410342564436784E+001
  0.100000000000000E+001  0.155013425932183E+003  0.102069528305863E+001  0.857036624468037E+000  0.454261055844448E+001
  0.100000000000000E+001  0.155002731299655E+003  0.922800859376980E+000  0.203707821717634E+001  0.407101744652263E+001
  0.100000000000000E+001  0.155002493057694E+003  0.771149918570052E+000  0.340796417587838E+001  0.515542381596009E+001
  0.100000000000000E+001  0.154998812413490E+003  0.885059130864804E+000  0.212697260689991E+001  0.559067071243575E+001
  0.100000000000000E+001  0.154995373335946E+003  0.854581390952572E+000  0.236156100446861E+001  0.546688041940326E+001
  0.100000000000000E+001  0.154991632314026E+003  0.875070782260353E+000  0.222812277132046E+001  0.557518517662400E+001
  0.100000000000000E+001  0.154980881513186E+003  0.103863024217171E+001  0.172549706003943E+001  0.479776948543384E+001
  0.100000000000000E+001  0.154977396796562E+003  0.710328854667046E+000  0.492714050873285E+001  0.447530112742934E+001
  0.100000000000000E+001  0.154974086448136E+003  0.904296821053909E+000  0.161667772564486E+001  0.524381657301939E+001
  0.100000000000000E+001  0.154968849205608E+003  0.852437285130691E+000  0.229247848883747E+001  0.451161066391688E+001
  0.100000000000000E+001  0.154949218387708E+003  0.101724405191569E+001  0.151964895787998E+001  0.548152168120009E+001
  0.100000000000000E+001  0.154906551583156E+003  0.953307167071493E+000  0.191305798859042E+001  0.408650338483803E+001
  0.100000000000000E+001  0.154895642374175E+003  0.972126600803933E+000  0.105305137997328E+001  0.525820112111595E+001
  0.100000000000000E+001  0.154890253554805E+003  0.796123902870133E+000  0.542074291708279E+001  0.458432900873541E+001
  0.100000000000000E+001  0.154880762814872E+003  0.945441244284886E+000  0.318805494010935E+001  0.424475903307989E+001
  0.100000000000000E+001  0.154879547575889E+003  0.760424024278068E+000  0.543734259915065E+001  0.548581515186892E+001
  0.100000000000000E+001  0.154875363192579E+003  0.982824562646831E+000  0.137238352471034E+001  0.427718715431192E+001
  0.100000000000000E+001  0.154867557817266E+003  0.963871940138875E+000  0.112554224134107E+001  0.525856158250250E+001
  0.100000000000000E+001  0.154860574471121E+003  0.943045030178528E+000  0.140011306151010E+001  0.442658696599187E+001
  0.100000000000000E+001  0.154851992699516E+003  0.734663605936084E+000  0.583600470936601E+001  0.520904633076477E+001
  0.100000000000000E+001  0.154844931304145E+003  0.102069654211076E+001  0.146326951959715E+001  0.539816694395504E+001
  0.100000000000000E+001  0.154830604085000E+003  0.724931878522689E+000  0.556230860285699E+001  0.441012630992465E+001
  0.100000000000000E+001  0.154819988241478E+003  0.100473218227747E+001  0.180429510825802E+001  0.430981790211060E+001
  0.100000000000000E+001  0.154810591085117E+003  0.700776520426867E+000  0.538267177928788E+001  0.523885713175485E+001
  0.100000000000000E+001  0.154795968168758E+003  0.790691372056187E+000  0.346962812642437E+001  0.549448153461773E+001
  0.100000000000000E+001  0.154786995905533E+003  0.757587947461801E+000  0.560915882651253E+001  0.530717450879833E+001
  0.100000000000000E+001  0.154765324052506E+003  0.100646698613716E+001  0.230916703673427E+001  0.460824885472309E+001
  0.100000000000000E+001  0.154750725510186E+003  0.101391853472584E+001  0.212647859091206E+001  0.518151373284079E+001
  0.100000000000000E+001  0.154748513596814E+003  0.695235342467714E+000  0.548933095930916E+001  0.473622103182241E+001
  0.100000000000000E+001  0.154738677439143E+003  0.908819734639329E+000  0.275925670528730E+001  0.397732232234525E+001
  0.100000000000000E+001  0.154737380367459E+003  0.925515660330801E+000  0.142289213575302E+001  0.476378218913846E+001
  0.100000000000000E+001  0.154729237684286E+003  0.821453060381640E+000  0.457613453564552E+001  0.565406367635149E+001
  0.100000000000000E+001  0.154713808009024E+003  0.877211547856730E+000  0.450192064464353E+001  0.468019012152801E+001
  0.100000000000000E+001  0.154710174126875E+003  0.760054215289275E+000  0.422362307808729E+001  0.425198100196154E+001
  0.100000000000000E+001  0.154702071707702E+003  0.948529721006007E+000  0.133341626306007E+001  0.453150358013722E+001
  0.100000000000000E+001  0.154701645003175E+003  0.751330694745296E+000  0.474112248469845E+001  0.420687327288679E+001
  0.100000000000000E+001  0.154690444491176E+003  0.101753309803217E+001  0.866342564009344E+000  0.490240459628992E+001
  0.100000000000000E+001  0.154689188011596E+003  0.826844928530012E+000  0.299330305750841E+001  0.552021829397158E+001
  0.100000000000000E+001  0.154684886540061E+003  0.867005592634009E+000  0.261476520346200E+001  0.562071945683408E+001
  0.100000000000000E+001  0.154683463425379E+003  0.103012390671108E+001  0.125560464831433E+001  0.517248398003835E+001
  0.100000000000000E+001  0.154683436338291E+003  0.790100268328254E+000  0.329334547521312E+001  0.454278987381298E+001
  0.100000000000000E+001  0.154675176333526E+003  0.781988848133992E+000  0.406736619490593E+001  0.562626257340762E+001
  0.100000000000000E+001  0.154672702129175E+003  0.952029323671809E+000  0.119421515747975E+001  0.486962599647383E+001
  0.100000000000000E+001  0.154671508624401E+003  0.855046015192780E+000  0.234469348432127E+001  0.525375602445922E+001
  0.100000000000000E+001  0.154668573727300E+003  0.846325649455001E+000  0.488845025042872E+001  0.476622618855946E+001
  0.100000000000000E+001  0.154663640741466E+003  0.100919289702938E+001  0.224823498779898E+001  0.508320004889944E+001
  0.100000000000000E+001  0.154663261518249E+003  0.835115634873462E+000  0.271813159363568E+001  0.439936499987722E+001
  0.100000000000000E+001  0.154657185739965E+003  0.853639424727116E+000  0.470447173477548E+001  0.525436997239223E+001
  0.100000000000000E+001  0.154654463941183E+003  0.999149353243814E+000  0.120652831929762E+001  0.445129637320947E+001
  0.100000000000000E+001  0.154653100583364E+003  0.844745234981838E+000  0.386519225299318E+001  0.575443547359584E+001
  0.100000000000000E+001  0.154652307235457E+003  0.867141625804944E+000  0.395276686507933E+001  0.567894522738466E+001
  0.100000000000000E+001  0.154641464780959E+003  0.868723212893212E+000  0.455683931436191E+001  0.517504843132574E+001
  0.100000000000000E+001  0.154633343086942E+003  0.972189555306932E+000  0.119296183017023E+001  0.454147812691726E+001
  0.100000000000000E+001  0.154632328782583E+003  0.926804427427544E+000  0.228848181051397E+001  0.567948573417426E+001
  0.100000000000000E+001  0.154618231972219E+003  0.101400944664340E+001  0.105976751008892E+001  0.461305695490537E+001
  0.100000000000000E+001  0.154613777112178E+003  0.861605284233995E+000  0.227734655609700E+001  0.523795521557313E+001
  0.100000000000000E+001  0.154601572517805E+003  0.710867033018192E+000  0.563509076381806E+001  0.465731871039364E+001
  0.100000000000000E+001  0.154601470063668E+003  0.819076597428411E+000  0.513779168840587E+001  0.468212016651499E+001
  0.100000000000000E+001  0.154601242751969E+003  0.925467317186385E+000  0.180392088121219E+001  0.429127825191040E+001
  0.100000000000000E+001  0.154587223083499E+003  0.999472335695119E+000  0.187907540352867E+001  0.540534544865300E+001
  0.100000000000000E+001  0.154584007085743E+003  0.934173105863080E+000  0.143938325380748E+001  0.464405002918955E+001
  0.100000000000000E+001  0.154580129634123E+003  0.743871151075383E+000  0.409208946183396E+001  0.502458434460444E+001
  0.100000000000000E+001  0.154579966308034E+003  0.890780069615512E+000  0.332260854889211E+001  0.572283682307616E+001
  0.100000000000000E+001  0.154570891388796E+003  0.740777826713851E+000  0.417463324887196E+001  0.505237549228732E+001
  0.100000000000000E+001  0.154544548717273E+003  0.864527303344311E+000  0.232342882764593E+001  0.445223937318568E+001
  0.100000000000000E+001  0.154537391465143E+003  0.739716975350846E+000  0.453129940438856E+001  0.533679952167095E+001
  0.100000000000000E+001  0.154536443734842E+003  0.956015774076606E+000  0.127214337748919E+001  0.510703412852285E+001
  0.100000000000000E+001  0.154529060342780E+003  0.936318481002783E+000  0.298374936661014E+001  0.557907330124592E+001
  0.100000000000000E+001  0.154527833806820E+003  0.843412150988361E+000  0.419005959613493E+001  0.408518345957082E+001
  0.100000000000000E+001  0.154525068812384E+003  0.771135386357777E+000  0.548051662496786E+001  0.459990926854590E+001
  0.100000000000000E+001  0.154516762871694E+003  0.857262834029572E+000  0.285760112311853E+001  0.412321279848182E+001
  0.100000000000000E+001  0.154515045895501E+003  0.967396976628438E+000  0.252012498127640E+001  0.548940453541944E+001
  0.100000000000000E+001  0.154511411438329E+003  0.723540578159793E+000  0.466596992796848E+001  0.467339549623169E+001
  0.100000000000000E+001  0.154509437369104E+003  0.793134043442862E+000  0.443267114785424E+001  0.562764355939065E+001
  0.100000000000000E+001  0.154502147400568E+003  0.990587689504749E+000  0.210071133288706E+001  0.539633225722418E+001
  0.100000000000000E+001  0.154495811565020E+003  0.102035120229316E+001  0.180376265519008E+001  0.500310829836392E+001
  0.100000000000000E+001  0.154492804849329E+003  0.858744180052850E+000  0.429846239081877E+001  0.549769754563554E+001
  0.100000000000000E+001  0.154484670192860E+003  0.950920215728391E+000  0.178327191704091E+001  0.423974229681292E+001
  0.100000000000000E+001  0.154469886514829E+003  0.826001459082264E+000  0.504208317684163E+001  0.496923206352795E+001
  0.100000000000000E+001  0.154467790760203E+003  0.960468403860194E+000  0.281687443793129E+001  0.540837771463715E+001
  0.100000000000000E+001  0.154467775984779E+003  0.952780275436772E+000  0.218481490165986E+001  0.557808785343873E+001
  0.100000000000000E+001  0.154456504540564E+003  0.777958535048191E+000  0.517392926564632E+001  0.537788611806297E+001
  0.100000000000000E+001  0.154453820243992E+003  0.789984828931345E+000  0.451242073626634E+001  0.412380495356407E+001
  0.100000000000000E+001  0.154436896757393E+003  0.860708734159095E+000  0.266200062291554E+001  0.549584061408218E+001
  0.100000000000000E+001  0.154432714678615E+003  0.886210867438093E+000  0.201568863572903E+001  0.459192244961736E+001
  0.100000000000000E+001  0.154432653675720E+003  0.803307192293542E+000  0.409202317674182E+001  0.562623185506667E+001
  0.100000000000000E+001  0.154429473542039E+003  0.848851154610410E+000  0.306097822938413E+001  0.410798565471046E+001
  0.100000000000000E+001  0.154422263570960E+003  0.952397489608222E+000  0.322574308797495E+001  0.460027831230516E+001
  0.100000000000000E+001  0.154419372548329E+003  0.724405635314478E+000  0.566183700861785E+001  0.485110466430446E+001
  0.100000000000000E+001  0.154418629573658E+003  0.100255014443096E+001  0.141884945828748E+001  0.525795873650480E+001
  0.100000000000000E+001  0.154412502682267E+003  0.821538051647671E+000  0.314701295794390E+001  0.428719361114031E+001
  0.100000000000000E+001  0.154411161286466E+003  0.952787582759862E+000  0.299658423926063E+001  0.436549939700364E+001
  0.100000000000000E+001  0.154408468116394E+003  0.834989052089607E+000  0.263313159580335E+001  0.472082122197649E+001
  0.100000000000000E+001  0.154402410192624E+003  0.973916477316831E+000  0.287791502255421E+001  0.500084596637035E+001
  0.100000000000000E+001  0.154397475407753E+003  0.949447179769360E+000  0.138550395980536E+001  0.508437662781830E+001
  0.100000000000000E+001  0.154382494542276E+003  0.718804749500054E+000  0.487707027715201E+001  0.495234116222148E+001
  0.100000000000000E+001  0.154375892539616E+003  0.942129641412359E+000  0.343283016247995E+001  0.471981839653448E+001
  0.100000000000000E+001  0.154370257440805E+003  0.101980540296209E+001  0.125324179763939E+001  0.487303311951956E+001
  0.100000000000000E+001  0.154363746182252E+003  0.859065547320418E+000  0.240945995463022E+001  0.452697406960627E+001
  0.100000000000000E+001  0.154353079023162E+003  0.991254978663728E+000  0.123199392722157E+001  0.512030299488024E+001
  0.100000000000000E+001  0.154352360505381E+003  0.756112404232027E+000  0.506323045353004E+001  0.538521338656498E+001
  0.100000000000000E+001  0.154340679432635E+003  0.870912928349058E+000  0.345594837189253E+001  0.565589151833097E+001
  0.100000000000000E+001  0.154337980690676E+003  0.749526718865605E+000  0.543386911423688E+001  0.517641524231479E+001
  0.100000000000000E+001  0.154335792061256E+003  0.877817255562641E+000  0.363548215452622E+001  0.408108059134669E+001
  0.100000000000000E+001  0.154334126194995E+003  0.101320517676209E+001  0.137122472603723E+001  0.507646284601435E+001
  0.100000000000000E+001  0.154319875454833E+003  0.989990555793873E+000  0.140759205430705E+001  0.523218881431228E+001
  0.100000000000000E+001  0.154319423141767E+003  0.849153121789276E+000  0.245690332050938E+001  0.490069407891062E+001
  0.100000000000000E+001  0.154315340492543E+003  0.849805271664501E+000  0.365143495508750E+001  0.403605223197730E+001
  0.100000000000000E+001  0.154313131957853E+003  0.816268646614516E+000  0.427544498109529E+001  0.558365444580642E+001
  0.100000000000000E+001  0.154304392780867E+003  0.769395673838227E+000  0.473792043109310E+001  0.545841770853540E+001
  0.100000000000000E+001  0.154302700007801E+003  0.751986608527087E+000  0.541232209518155E+001  0.455443346862858E+001
  0.100000000000000E+001  0.154296179617951E+003  0.855464564345458E+000  0.242309298674155E+001  0.507399258285114E+001
  0.100000000000000E+001  0.154277955864265E+003  0.806423912509676E+000  0.512065184880326E+001  0.505838878232129E+001
  0.100000000000000E+001  0.154274023983462E+003  0.804847970346000E+000  0.454386801305242E+001  0.417363888327689E+001
  0.100000000000000E+001  0.154262872829996E+003  0.865839985737778E+000  0.320077385155587E+001  0.562180560160576E+001
  0.100000000000000E+001  0.154260664177765E+003  0.829124418861167E+000  0.484132971776513E+001  0.515580426633371E+001
  0.100000000000000E+001  0.154248438219263E+003  0.973586519695810E+000  0.264437671831413E+001  0.519683390592885E+001
  0.100000000000000E+001  0.154234752161185E+003  0.973896340618996E+000  0.210614625273362E+001  0.538577196600103E+001
  0.100000000000000E+001  0.154226484672180E+003  0.828645889084747E+000  0.280968220452263E+001  0.502669322696694E+001
  0.100000000000000E+001  0.154226396484707E+003  0.860213017944509E+000  0.255206790476807E+001  0.439647650143445E+001
  0.100000000000000E+001  0.154215958250498E+003  0.783041296529766E+000  0.516374192989332E+001  0.448573932487040E+001
  0.100000000000000E+001  0.154213676509990E+003  0.849576850223061E+000  0.454725281829580E+001  0.522013875692265E+001
  0.100000000000000E+001  0.154211601848647E+003  0.774393968644657E+000  0.439183214600536E+001  0.543708572301244E+001
  0.100000000000000E+001  0.154187255346375E+003  0.778709549054712E+000  0.362519106491720E+001  0.473307867634650E+001
  0.100000000000000E+001  0.154185747680993E+003  0.896524612231060E+000  0.252950106670190E+001  0.415715518157994E+001
  0.100000000000000E+001  0.154177670069548E+003  0.957554881491585E+000  0.148195205829482E+001  0.457939677730143E+001
  0.100000000000000E+001  0.154166333503129E+003  0.942003690502919E+000  0.331600575242733E+001  0.503537584447233E+001
  0.100000000000000E+001  0.154156468692394E+003  0.939476225801712E+000  0.289326112614476E+001  0.541944858866750E+001
  0.100000000000000E+001  0.154150306186040E+003  0.883707272220257E+000  0.348040388717082E+001  0.410790461090455E+001
  0.100000000000000E+001  0.154142164334893E+003  0.868166501001582E+000  0.436538710377843E+001  0.509531359639555E+001
  0.100000000000000E+001  0.154141287567078E+003  0.922941395710807E+000  0.329080946934261E+001  0.429526947111072E+001
  0.100000000000000E+001  0.154139632549208E+003  0.913127668637122E+000  0.180729937884168E+001  0.468776404262438E+001
  0.100000000000000E+001  0.154134308906597E+003  0.998402156513063E+000  0.132464701851463E+001  0.482405916708898E+001
  0.100000000000000E+001  0.154120957432308E+003  0.100739045458844E+001  0.157938499518198E+001  0.476739005140583E+001
  0.100000000000000E+001  0.154120729727097E+003  0.736418174582557E+000  0.477397205035408E+001  0.507808733156182E+001
  0.100000000000000E+001  0.154119934783932E+003  0.838756398613352E+000  0.306642610058928E+001  0.540311589804250E+001
  0.100000000000000E+001  0.154113307928275E+003  0.749995605225076E+000  0.511508169215742E+001  0.447396249735156E+001
  0.100000000000000E+001  0.154097315060044E+003  0.903245171727364E+000  0.213933570399455E+001  0.437402126340760E+001
  0.100000000000000E+001  0.154074213401084E+003  0.785885097483579E+000  0.503017402232928E+001  0.521802590055651E+001
  0.100000000000000E+001  0.154068996404340E+003  0.100104474937516E+001  0.151985209023908E+001  0.471225996349101E+001
  0.100000000000000E+001  0.154068486617574E+003  0.997920221264974E+000  0.147420674294743E+001  0.469462342089581E+001
  0.100000000000000E+001  0.154066919396549E+003  0.779171010410194E+000  0.466627366363882E+001  0.537745957184511E+001
  0.100000000000000E+001  0.154065035029048E+003  0.919772632594475E+000  0.344490906442256E+001  0.439812671026579E+001
  0.100000000000000E+001  0.154061996057814E+003  0.741302920309148E+000  0.526209542426311E+001  0.464236555359892E+001
  0.100000000000000E+001  0.154051931710773E+003  0.877350718763325E+000  0.309190979310549E+001  0.553999829192734E+001
  0.100000000000000E+001  0.154046562596222E+003  0.755057939589412E+000  0.509664903497610E+001  0.448512922978933E+001
  0.100000000000000E+001  0.154041148985653E+003  0.976921094842399E+000  0.160679511839376E+001  0.516247081446695E+001
  0.100000000000000E+001  0.154037877689305E+003  0.919300244727589E+000  0.177173547539644E+001  0.482368824756428E+001
  0.100000000000000E+001  0.154019734721652E+003  0.869068732238521E+000  0.295930150342957E+001  0.548473111908119E+001
  0.100000000000000E+001  0.154013614005359E+003  0.824093965346638E+000  0.484828196876310E+001  0.496465230584979E+001
  0.100000000000000E+001  0.154008051944520E+003  0.796775501344551E+000  0.345019745586043E+001  0.460282445358603E+001
  0.100000000000000E+001  0.154006573852526E+003  0.772950318829472E+000  0.432348419009004E+001  0.531041964929633E+001
  0.100000000000000E+001  0.154004909004054E+003  0.963091480153635E+000  0.147424616894671E+001  0.475366560438950E+001
  0.100000000000000E+001  0.154001995912440E+003  0.755540862747943E+000  0.500902009250200E+001  0.447270561186600E+001
  0.100000000000000E+001  0.154000958007864E+003  0.891413479116371E+000  0.394453447629978E+001  0.450808057650731E+001
  0.100000000000000E+001  0.153998200256679E+003  0.863360278865297E+000  0.441413983450791E+001  0.475131422592762E+001
  0.100000000000000E+001  0.153993067734775E+003  0.993790535603309E+000  0.147904908342714E+001  0.487942516855237E+001
  0.100000000000000E+001  0.153978771574750E+003  0.899280151753346E+000  0.336198528401164E+001  0.419253794275853E+001
  0.100000000000000E+001  0.153974735984872E+003  0.859100639946862E+000  0.379204638538694E+001  0.547993426826363E+001
  0.100000000000000E+001  0.153965097567748E+003  0.823688214697749E+000  0.381140911450703E+001  0.547280506718481E+001
  0.100000000000000E+001  0.153942174709152E+003  0.991986131558391E+000  0.200661458985172E+001  0.469024543738272E+001
  0.100000000000000E+001  0.153938299590876E+003  0.956282962989100E+000  0.246238698137829E+001  0.529957625127291E+001
  0.100000000000000E+001  0.153934766581307E+003  0.961317887783044E+000  0.154326630744680E+001  0.494658695119287E+001
  0.100000000000000E+001  0.153932242694736E+003  0.834283246104053E+000  0.284607759389290E+001  0.491967782832879E+001
  0.100000000000000E+001  0.153922336240620E+003  0.972605076315224E+000  0.150129878532172E+001  0.489162907206514E+001
  0.100000000000000E+001  0.153918218463231E+003  0.808484698566968E+000  0.377762747543304E+001  0.537923228723991E+001
  0.100000000000000E+001  0.153898196149771E+003  0.887672275279393E+000  0.364810959681145E+001  0.536343235998620E+001
  0.100000000000000E+001  0.153880977645714E+003  0.756682584288317E+000  0.428746196712538E+001  0.479537323001754E+001
  0.100000000000000E+001  0.153875764821600E+003  0.782537026593321E+000  0.383256306688428E+001  0.508443356767921E+001
  0.100000000000000E+001  0.153862981191533E+003  0.923417216419229E+000  0.326464400395689E+001  0.439759078526041E+001
  0.100000000000000E+001  0.153840249913197E+003  0.933669039261179E+000  0.175822893387638E+001  0.476254074189227E+001
  0.100000000000000E+001  0.153826439472657E+003  0.876251176940024E+000  0.298811017996363E+001  0.542595408704606E+001
  0.100000000000000E+001  0.153802750279498E+003  0.827175412822224E+000  0.469717334362944E+001  0.465171428597475E+001
  0.100000000000000E+001  0.153801992632775E+003  0.901050951894848E+000  0.249679152056780E+001  0.533452848974480E+001
  0.100000000000000E+001  0.153783706390795E+003  0.936545494928180E+000  0.178631704728119E+001  0.469501311171706E+001
  0.100000000000000E+001  0.153777436102025E+003  0.796653965522501E+000  0.424779091470103E+001  0.531557538939698E+001
  0.100000000000000E+001  0.153772306053370E+003  0.752689463804141E+000  0.498535991358695E+001  0.492985783772571E+001
  0.100000000000000E+001  0.153770665601029E+003  0.920558766399748E+000  0.313153073851539E+001  0.527837482991005E+001
  0.100000000000000E+001  0.153768679595962E+003  0.824110381425498E+000  0.473744442637144E+001  0.484763222415438E+001
  0.100000000000000E+001  0.153764455063505E+003  0.875414406794234E+000  0.353784289976164E+001  0.539636614244106E+001
  0.100000000000000E+001  0.153756716107951E+003  0.786976035521732E+000  0.489594996606034E+001  0.453383526662791E+001
  0.100000000000000E+001  0.153754133874944E+003  0.887846269933393E+000  0.314541826833145E+001  0.541242068623149E+001
  0.100000000000000E+001  0.153744070473682E+003  0.939624611567075E+000  0.299430338375041E+001  0.449326454659975E+001
  0.100000000000000E+001  0.153720695026064E+003  0.888666207841392E+000  0.392760370537773E+001  0.466292703635692E+001
  0.100000000000000E+001  0.153705683654310E+003  0.805483706380725E+000  0.439458831419289E+001  0.431612994812594E+001
  0.100000000000000E+001  0.153688310775331E+003  0.885923689013599E+000  0.397102271555109E+001  0.483087655699265E+001
  0.100000000000000E+001  0.153684413362931E+003  0.920105106671656E+000  0.227077023754956E+001  0.436534578987445E+001
  0.100000000000000E+001  0.153669784051895E+003  0.916732257067920E+000  0.295201211098293E+001  0.530460082093024E+001
  0.100000000000000E+001  0.153661857002642E+003  0.800860305112183E+000  0.470409157853067E+001  0.448471042638307E+001
  0.100000000000000E+001  0.153656985816901E+003  0.960642138973832E+000  0.264352510725551E+001  0.476729261542654E+001
  0.100000000000000E+001  0.153649647420527E+003  0.927836295374648E+000  0.262031900174404E+001  0.528011228935395E+001
  0.100000000000000E+001  0.153632051243998E+003  0.961261529842339E+000  0.250721104913353E+001  0.498335177486197E+001
  0.100000000000000E+001  0.153631279911999E+003  0.933374553872066E+000  0.291416113832084E+001  0.516807327777222E+001
  0.100000000000000E+001  0.153628252840957E+003  0.818083375982828E+000  0.367091903878683E+001  0.432203503643415E+001
  0.100000000000000E+001  0.153613424366075E+003  0.966160057889105E+000  0.201888716089462E+001  0.500174238826466E+001
  0.100000000000000E+001  0.153608185728777E+003  0.770225290352795E+000  0.484189176921684E+001  0.463272687102775E+001
  0.100000000000000E+001  0.153597394748193E+003  0.774577373862250E+000  0.448609193185925E+001  0.451223067731848E+001
  0.100000000000000E+001  0.153590688270912E+003  0.862314718825693E+000  0.274320185133151E+001  0.450634260785158E+001
  0.100000000000000E+001  0.153587324376718E+003  0.841863071778862E+000  0.338184517868488E+001  0.528606776677405E+001
  0.100000000000000E+001  0.153583155324959E+003  0.933300146213348E+000  0.212976466449932E+001  0.446617828468080E+001
  0.100000000000000E+001  0.153579747201254E+003  0.834333016506256E+000  0.319809673742967E+001  0.445236698770988E+001
  0.100000000000000E+001  0.153568179651322E+003  0.965775289288978E+000  0.235042326093094E+001  0.470312056867237E+001
  0.100000000000000E+001  0.153567707314735E+003  0.908113336851134E+000  0.297392461193280E+001  0.428046613425766E+001
  0.100000000000000E+001  0.153561074676795E+003  0.792520270061726E+000  0.451029190816331E+001  0.443301643507748E+001
  0.100000000000000E+001  0.153559017983122E+003  0.826043101366067E+000  0.457922691330437E+001  0.468150838727379E+001
  0.100000000000000E+001  0.153557781950143E+003  0.935312079199034E+000  0.219703178820671E+001  0.513060522047389E+001
  0.100000000000000E+001  0.153542403980104E+003  0.898925097185198E+000  0.365603707162792E+001  0.461139327820273E+001
  0.100000000000000E+001  0.153538092560948E+003  0.781984094391058E+000  0.401252419138282E+001  0.478910814857007E+001
  0.100000000000000E+001  0.153534381414532E+003  0.804595279282972E+000  0.411713909374988E+001  0.520649978801224E+001
  0.100000000000000E+001  0.153527656270707E+003  0.962553912863688E+000  0.241866304114627E+001  0.476777764397570E+001
  0.100000000000000E+001  0.153526285530078E+003  0.946056575164757E+000  0.251096950743973E+001  0.446375772977891E+001
  0.100000000000000E+001  0.153517906214104E+003  0.956078163075312E+000  0.211438426432194E+001  0.456334763453192E+001
  0.100000000000000E+001  0.153496531648989E+003  0.886647508478485E+000  0.240942013079619E+001  0.470366534506214E+001
  0.100000000000000E+001  0.153485871999705E+003  0.778102681209531E+000  0.421167297933941E+001  0.487805749900422E+001
  0.100000000000000E+001  0.153484018192875E+003  0.955279419442744E+000  0.255549598326755E+001  0.485993400043918E+001
  0.100000000000000E+001  0.153474234903954E+003  0.884248739998427E+000  0.259219385502146E+001  0.446819837701406E+001
  0.100000000000000E+001  0.153471565474434E+003  0.815842547977798E+000  0.380923691544533E+001  0.518612830798799E+001
  0.100000000000000E+001  0.153460529879630E+003  0.918502987525081E+000  0.309055068422224E+001  0.443654465146714E+001
  0.100000000000000E+001  0.153457062929550E+003  0.886060082128814E+000  0.382510150603964E+001  0.484966424662697E+001
  0.100000000000000E+001  0.153454085989635E+003  0.958142374575775E+000  0.242799607662562E+001  0.477616787351424E+001
  0.100000000000000E+001  0.153440366359852E+003  0.874478629218703E+000  0.335893358127512E+001  0.427729238999516E+001
  0.100000000000000E+001  0.153428480884772E+003  0.778475492057267E+000  0.435141910346471E+001  0.489234297230060E+001
  0.100000000000000E+001  0.153428479095362E+003  0.898065342815607E+000  0.280086841038433E+001  0.432491940317210E+001
  0.100000000000000E+001  0.153427537044387E+003  0.793888800551437E+000  0.419702445456753E+001  0.506998329398017E+001
  0.100000000000000E+001  0.153426482673655E+003  0.797346666194717E+000  0.389597484457769E+001  0.498787933328590E+001
  0.100000000000000E+001  0.153397830781889E+003  0.837823100234115E+000  0.437085132268774E+001  0.481993658835805E+001
  0.100000000000000E+001  0.153390805781623E+003  0.826235988880687E+000  0.346544535546241E+001  0.507474441457475E+001
  0.100000000000000E+001  0.153371079480696E+003  0.837448402421071E+000  0.429702261046913E+001  0.458113451232558E+001
  0.100000000000000E+001  0.153364799922798E+003  0.907112606011940E+000  0.242094293083971E+001  0.450984312978066E+001
  0.100000000000000E+001  0.153363382364904E+003  0.919100830546154E+000  0.221521676891987E+001  0.486547917070122E+001
  0.100000000000000E+001  0.153346340063936E+003  0.854407470981784E+000  0.401164926792877E+001  0.505552238680741E+001
  0.100000000000000E+001  0.153335099958338E+003  0.849174288921986E+000  0.392072907258103E+001  0.439373252948887E+001
  0.100000000000000E+001  0.153302503005047E+003  0.923346734986460E+000  0.280778352022590E+001  0.505463171175492E+001
  0.100000000000000E+001  0.153296805666019E+003  0.834943957679546E+000  0.430192479597015E+001  0.465393406806864E+001
  0.100000000000000E+001  0.153287208859918E+003  0.915252721824034E+000  0.283854472111543E+001  0.509163141061419E+001
  0.100000000000000E+001  0.153269735191417E+003  0.816992923471258E+000  0.401993416656551E+001  0.507407731004186E+001
  0.100000000000000E+001  0.153242073007673E+003  0.816042854006259E+000  0.437260819447150E+001  0.462749145519644E+001
  0.100000000000000E+001  0.153233200024608E+003  0.840587130895241E+000  0.319231649548111E+001  0.482620405027905E+001
  0.100000000000000E+001  0.153224387312610E+003  0.896982662004377E+000  0.333298540738657E+001  0.501495880989452E+001
  0.100000000000000E+001  0.153203684002655E+003  0.852029872821899E+000  0.377143219701925E+001  0.441949666923699E+001
  0.100000000000000E+001  0.153201357518783E+003  0.900922652753601E+000  0.337722545664381E+001  0.463914070382767E+001
  0.100000000000000E+001  0.153192809507160E+003  0.878784958168608E+000  0.274734576567401E+001  0.462068358283546E+001
  0.100000000000000E+001  0.153188977901566E+003  0.898677223220515E+000  0.253556237819778E+001  0.484784293402660E+001
  0.100000000000000E+001  0.153184912601119E+003  0.815773571949020E+000  0.433076979924229E+001  0.483337261338846E+001
  0.100000000000000E+001  0.153182814773182E+003  0.820847078292321E+000  0.358711709597907E+001  0.482898712205441E+001
  0.100000000000000E+001  0.153175574510905E+003  0.857877384393630E+000  0.301610505616362E+001  0.487666510330549E+001
  0.100000000000000E+001  0.153164770036959E+003  0.810010657791425E+000  0.420111679405079E+001  0.490601181822429E+001
  0.100000000000000E+001  0.153159635421866E+003  0.849828829880628E+000  0.400526804230483E+001  0.459829623392552E+001
  0.100000000000000E+001  0.153133061345364E+003  0.870231003648449E+000  0.362977010206481E+001  0.499814417412113E+001
  0.100000000000000E+001  0.153122273368046E+003  0.907211152558920E+000  0.274714666219907E+001  0.497111661331268E+001
  0.100000000000000E+001  0.153114530426563E+003  0.819236601893008E+000  0.415712719448545E+001  0.487905906951311E+001
  0.100000000000000E+001  0.153100267756396E+003  0.835732317878169E+000  0.340921626174411E+001  0.468519644437516E+001
  0.100000000000000E+001  0.153095587989661E+003  0.921509112553318E+000  0.278533204390271E+001  0.469454480571662E+001
  0.100000000000000E+001  0.153072498026192E+003  0.914664007306893E+000  0.294410217568891E+001  0.479131036068596E+001
  0.100000000000000E+001  0.153071743717759E+003  0.907386873267244E+000  0.268056666223821E+001  0.461182853293932E+001
  0.100000000000000E+001  0.153069471782180E+003  0.907105578951708E+000  0.284813635297805E+001  0.492621874933556E+001
  0.100000000000000E+001  0.153062976617974E+003  0.861453047491320E+000  0.382833829568438E+001  0.475214375501028E+001
  0.100000000000000E+001  0.153048792247028E+003  0.894740075525642E+000  0.326014205367315E+001  0.488373483755585E+001
  0.100000000000000E+001  0.153039344087728E+003  0.822480082834839E+000  0.401305636306937E+001  0.466155560787983E+001
  0.100000000000000E+001  0.153032137198348E+003  0.833448462107612E+000  0.397697998817816E+001  0.485511205782863E+001
  0.100000000000000E+001  0.153031020963089E+003  0.905104426400015E+000  0.309698803070168E+001  0.471713604364966E+001
  0.100000000000000E+001  0.152975271474139E+003  0.842930162365016E+000  0.364700863082994E+001  0.459093884342170E+001
  0.100000000000000E+001  0.152967547648825E+003  0.894854657884257E+000  0.315972559580248E+001  0.478127431421772E+001
  0.100000000000000E+001  0.152965229182381E+003  0.860093860698292E+000  0.324607643836062E+001  0.482857760077333E+001
