  0.100000000000000E+001  0.182842447828958E+003  0.463115605907099E+000  0.624236763932159E+001  0.505729754129224E+001
  0.100000000000000E+001  0.198451157091407E+003  0.134222006072578E+001 -0.482282549205446E+001  0.133460771072719E+002
  0.100000000000000E+001  0.183050195848089E+003  0.139202456986858E+001 -0.207521163833522E+001  0.755657649996002E+001
  0.100000000000000E+001  0.183147165451996E+003  0.116883172663864E+001 -0.339466094148898E+001  0.870912609787041E+001
  0.100000000000000E+001  0.183275652266537E+003  0.680281212823309E+000  0.149705678600826E+001  0.718788061003005E+001
  0.100000000000000E+001  0.183301925896357E+003  0.598117281316210E+000  0.533157587765911E+001  0.805781707811596E+001
  0.100000000000000E+001  0.177620976636764E+003  0.694494043509533E+000  0.423842965939281E+001  0.660011342620603E+001
  0.100000000000000E+001  0.183454672189595E+003  0.991888472906796E+000 -0.357006421955093E+001  0.686770595396275E+001
  0.100000000000000E+001  0.177725778371225E+003  0.644546648953131E+000  0.464671404972481E+001  0.542996284763748E+001
  0.100000000000000E+001  0.174115268168723E+003  0.121449640257299E+001 -0.841617560442629E+000  0.483309570941366E+001
  0.100000000000000E+001  0.174118733197812E+003  0.833763055737600E+000  0.111980690416854E+001  0.538731234250951E+001
  0.100000000000000E+001  0.174123895301928E+003  0.946181060639736E+000  0.107055654457798E+001  0.653480125679165E+001
  0.100000000000000E+001  0.184481169409965E+003  0.470377679268995E+000  0.777161930599419E+001  0.514007250131729E+001
  0.100000000000000E+001  0.174145378668895E+003  0.106760526022672E+001  0.124601255274705E+001  0.426561363637539E+001
  0.100000000000000E+001  0.187685907104911E+003  0.800760745183659E+000 -0.173338255070075E+001  0.763777229977284E+001
  0.100000000000000E+001  0.184731403823117E+003  0.998366368362242E+000  0.131435973095967E+001  0.945142202836382E+001
  0.100000000000000E+001  0.184820090810396E+003  0.104239920210974E+001  0.122680289134681E+001  0.940731293903237E+001
  0.100000000000000E+001  0.177947507090757E+003  0.970166043268414E+000  0.383761317651002E+001  0.574405042660521E+001
  0.100000000000000E+001  0.177951847148626E+003  0.126457684710004E+001 -0.121959356259285E+001  0.434079029082242E+001
  0.100000000000000E+001  0.174151966785419E+003  0.111892511291037E+001  0.858306411952938E+000  0.557100511649483E+001
  0.100000000000000E+001  0.178194513579842E+003  0.819620597628622E+000  0.101366862300451E+001  0.704216915808873E+001
  0.100000000000000E+001  0.182227693316532E+003  0.130779461872230E+001 -0.444645293892688E+001  0.357891198169966E+001
  0.100000000000000E+001  0.174165946055495E+003  0.814087714911736E+000  0.257098172668975E+001  0.607152093028551E+001
  0.100000000000000E+001  0.178338452477997E+003  0.673995471939323E+000  0.603102423524507E+001  0.556041744916062E+001
  0.100000000000000E+001  0.178379971854908E+003  0.104524622859968E+001 -0.320562661412225E+001  0.552435174755888E+001
  0.100000000000000E+001  0.181745080728025E+003  0.138633908127501E+001 -0.416145756479445E+001  0.789533021054155E+001
  0.100000000000000E+001  0.178484718406490E+003  0.816092336646735E+000  0.236931530418688E+001  0.750584153148090E+001
  0.100000000000000E+001  0.181291565035891E+003  0.118206401751173E+001 -0.130627197797892E+000  0.816976597591593E+001
  0.100000000000000E+001  0.178556673486224E+003  0.622258140169696E+000  0.387437361264301E+001  0.554077394227557E+001
  0.100000000000000E+001  0.181140139228283E+003  0.126129712760000E+001 -0.529032614270002E+001  0.451194692710388E+001
  0.100000000000000E+001  0.174179738176145E+003  0.127264883141016E+001 -0.228118613180935E+001  0.550548655857202E+001
  0.100000000000000E+001  0.181077303963427E+003  0.850609225841540E+000  0.412560096165473E+001  0.377849155623306E+001
  0.100000000000000E+001  0.181070853705805E+003  0.905881674977866E+000 -0.188628430505003E+001  0.522947210084346E+001
  0.100000000000000E+001  0.178579277720947E+003  0.116982375883065E+001 -0.599246088334908E+000  0.758024584319876E+001
  0.100000000000000E+001  0.174202758407259E+003  0.758085066261955E+000  0.362884086190130E+001  0.540054074536750E+001
  0.100000000000000E+001  0.178593423380176E+003  0.139599506917899E+001 -0.318706073133278E+001  0.586643172600371E+001
  0.100000000000000E+001  0.180659757733787E+003  0.825268180818053E+000 -0.756836179993329E+000  0.534093858974711E+001
  0.100000000000000E+001  0.180489494496495E+003  0.133108241700335E+001 -0.111084561757487E+001  0.653561307580334E+001
  0.100000000000000E+001  0.178647260186389E+003  0.121507294930387E+001 -0.466268755882177E+001  0.667347536522196E+001
  0.100000000000000E+001  0.178663016891494E+003  0.107256966737219E+001 -0.272119985073100E+001  0.721291136125930E+001
  0.100000000000000E+001  0.180241273711483E+003  0.134771691071174E+001 -0.563842645021866E+001  0.710615136118475E+001
  0.100000000000000E+001  0.178730550648601E+003  0.627886813187198E+000  0.497419628623832E+001  0.632685847805343E+001
  0.100000000000000E+001  0.180217872894063E+003  0.129496370790603E+001 -0.631913847520252E+000  0.673845091991665E+001
  0.100000000000000E+001  0.178903393373508E+003  0.135876749816756E+001 -0.572625845806169E+001  0.634499836719980E+001
  0.100000000000000E+001  0.180140171458428E+003  0.993148524638965E+000  0.287104914568857E+001  0.769127644388785E+001
  0.100000000000000E+001  0.178938252333376E+003  0.831801398924994E+000 -0.314116030136574E+000  0.563011184698381E+001
  0.100000000000000E+001  0.178990095309800E+003  0.130605112772676E+001 -0.136807164767926E+001  0.671949101752680E+001
  0.100000000000000E+001  0.180102082781958E+003  0.661812203694982E+000  0.466895577891071E+001  0.732458133406319E+001
  0.100000000000000E+001  0.179023178661934E+003  0.126269980099474E+001 -0.121024663242281E+000  0.592186642715231E+001
  0.100000000000000E+001  0.179029857641285E+003  0.100052663832509E+001  0.213744886307255E+001  0.766018337606337E+001
  0.100000000000000E+001  0.180085789197568E+003  0.716673910290339E+000  0.539018026461049E+001  0.736484770799177E+001
  0.100000000000000E+001  0.179094435133185E+003  0.939883389046445E+000  0.119787317982355E+001  0.290432392103862E+001
  0.100000000000000E+001  0.179170191286599E+003  0.101688647054983E+001  0.353484395438285E+001  0.548483187045269E+001
  0.100000000000000E+001  0.179264172790763E+003  0.127909328887192E+001 -0.527250025696975E+001  0.676097278294168E+001
  0.100000000000000E+001  0.179367696765739E+003  0.816685143295799E+000  0.489363414611175E+001  0.717854147326621E+001
  0.100000000000000E+001  0.179720596850216E+003  0.874888754755673E+000  0.401936088370363E+000  0.773138127697761E+001
  0.100000000000000E+001  0.177577553242075E+003  0.104752539652438E+001 -0.281985785577676E+001  0.639256850267036E+001
  0.100000000000000E+001  0.177562749074362E+003  0.605853461118979E+000  0.432284049846044E+001  0.469534274595528E+001
  0.100000000000000E+001  0.177541997865948E+003  0.805335878899682E+000  0.509971010873667E+001  0.622838438434950E+001
  0.100000000000000E+001  0.177536890949260E+003  0.128913073405833E+001 -0.483775572481304E+001  0.471934872947848E+001
  0.100000000000000E+001  0.177525589528094E+003  0.113822524130032E+001 -0.290699527222051E+001  0.711051468381474E+001
  0.100000000000000E+001  0.177480088842706E+003  0.966913520026219E+000 -0.434966834414183E-001  0.742061196445353E+001
  0.100000000000000E+001  0.177474856294183E+003  0.866320017410405E+000  0.162910539279864E-001  0.666811928687425E+001
  0.100000000000000E+001  0.174219306553814E+003  0.117862500127380E+001 -0.280871475017619E+001  0.420132397104341E+001
  0.100000000000000E+001  0.177429431008144E+003  0.906343174902586E+000  0.308551797498033E+001  0.716557438813006E+001
  0.100000000000000E+001  0.177403339978262E+003  0.795443123418214E+000  0.925038904654713E+000  0.621872854262076E+001
  0.100000000000000E+001  0.177334061716938E+003  0.785926662319535E+000  0.109445990860112E+001  0.615204133143654E+001
  0.100000000000000E+001  0.174233161073125E+003  0.811647860496382E+000  0.367138976019180E+001  0.587970790886148E+001
  0.100000000000000E+001  0.177256481642325E+003  0.705576776526558E+000  0.369510206174125E+001  0.649621950248951E+001
  0.100000000000000E+001  0.177229931898356E+003  0.720319902912018E+000  0.161164071033916E+001  0.484598152347579E+001
  0.100000000000000E+001  0.177180161972648E+003  0.105786174906560E+001 -0.308794802053249E+001  0.557228026285425E+001
  0.100000000000000E+001  0.177122523513550E+003  0.874437046976933E+000 -0.215387827314217E+000  0.641649474982029E+001
  0.100000000000000E+001  0.177087251492115E+003  0.694650804453512E+000  0.402581975389960E+001  0.633729272944263E+001
  0.100000000000000E+001  0.177081164006413E+003  0.137148196048632E+001 -0.479857871310035E+001  0.517490616260257E+001
  0.100000000000000E+001  0.174233757387937E+003  0.901296041928195E+000  0.355639148481050E+001  0.500373398346186E+001
  0.100000000000000E+001  0.177060264380645E+003  0.134158480339616E+001 -0.248855001578647E+001  0.523925938181197E+001
  0.100000000000000E+001  0.177049871674840E+003  0.663182428738079E+000  0.454145158542022E+001  0.538983870561843E+001
  0.100000000000000E+001  0.177012237887694E+003  0.633106004581949E+000  0.398443511538591E+001  0.498458920635243E+001
  0.100000000000000E+001  0.174236333230097E+003  0.892510804943824E+000 -0.176585592583393E+000  0.444679165785246E+001
  0.100000000000000E+001  0.174236976332880E+003  0.102600041787983E+001 -0.110464026112184E+001  0.635704144287639E+001
  0.100000000000000E+001  0.176905700827626E+003  0.118587617909101E+001 -0.426368402170155E+001  0.590264672510331E+001
  0.100000000000000E+001  0.176873006377804E+003  0.136719143483132E+001 -0.422436621265858E+001  0.497229715938336E+001
  0.100000000000000E+001  0.176724989544668E+003  0.770769794237347E+000  0.149189966292742E+001  0.585211556662449E+001
  0.100000000000000E+001  0.176663982890932E+003  0.905232958455601E+000  0.131550905497905E+001  0.302586509178268E+001
  0.100000000000000E+001  0.176659614410447E+003  0.923648885406191E+000  0.167842113011140E+001  0.723447393074488E+001
  0.100000000000000E+001  0.176580177021925E+003  0.851591926975193E+000  0.422140766007021E+001  0.642335489613843E+001
  0.100000000000000E+001  0.176575717143629E+003  0.120785626256732E+001 -0.365980196413703E+001  0.663558705192976E+001
  0.100000000000000E+001  0.176566026107596E+003  0.871551576349330E+000  0.252475997363177E+000  0.657493998890163E+001
  0.100000000000000E+001  0.176563218228830E+003  0.120347692846168E+001 -0.211326982651642E+000  0.642414316121343E+001
  0.100000000000000E+001  0.176530590442767E+003  0.756843032856710E+000  0.519761920798862E+001  0.529532355373116E+001
  0.100000000000000E+001  0.176520789917037E+003  0.732006379412059E+000  0.250559437696175E+001  0.589824073572652E+001
  0.100000000000000E+001  0.176503041829932E+003  0.818592216064363E+000  0.253894280681111E+001  0.692474104448093E+001
  0.100000000000000E+001  0.176428037920817E+003  0.916468909027875E+000  0.148587445752668E+001  0.310006100111460E+001
  0.100000000000000E+001  0.176413825706241E+003  0.101527461914793E+001 -0.181956579363091E+001  0.657775257669692E+001
  0.100000000000000E+001  0.176397079916732E+003  0.824385668596689E+000  0.238829758984004E+001  0.690734615570647E+001
  0.100000000000000E+001  0.176357337442902E+003  0.110499048007733E+001 -0.310147072606044E+001  0.454675155566069E+001
  0.100000000000000E+001  0.176309534648575E+003  0.108302982658351E+001 -0.793944453507294E+000  0.718705015966368E+001
  0.100000000000000E+001  0.176303447769603E+003  0.971948678515804E+000 -0.146326494689279E+001  0.631025696420117E+001
  0.100000000000000E+001  0.176290243462693E+003  0.975264097804971E+000  0.264692932606135E+001  0.668231170423325E+001
  0.100000000000000E+001  0.176201820315541E+003  0.920677105508049E+000  0.141752544486724E+001  0.710765632899411E+001
  0.100000000000000E+001  0.176179319663305E+003  0.126644094408800E+001 -0.267496561404128E+001  0.409575184551579E+001
  0.100000000000000E+001  0.176131611918862E+003  0.135682574387016E+001 -0.380909275502098E+001  0.545272116565597E+001
  0.100000000000000E+001  0.176128614480119E+003  0.740151884993449E+000  0.223157514262346E+001  0.358242348516946E+001
  0.100000000000000E+001  0.174266180566182E+003  0.837387848664354E+000  0.341777534902332E+001  0.430637171871007E+001
  0.100000000000000E+001  0.176052296791265E+003  0.720321453064501E+000  0.403540702873774E+001  0.611961206769308E+001
  0.100000000000000E+001  0.176033151374817E+003  0.122440031530630E+001 -0.120589620150866E+001  0.657956411679468E+001
  0.100000000000000E+001  0.176002601744653E+003  0.678954744079999E+000  0.453705883291096E+001  0.422758988446595E+001
  0.100000000000000E+001  0.175988749691404E+003  0.848547398447338E+000  0.448911373277321E+001  0.568510066201418E+001
  0.100000000000000E+001  0.175968276214422E+003  0.908482873421658E+000 -0.389056306803525E+000  0.630774103121123E+001
  0.100000000000000E+001  0.175959263559591E+003  0.105378415265522E+001 -0.339462207741519E+000  0.711304121294749E+001
  0.100000000000000E+001  0.175947081182191E+003  0.759972564946061E+000  0.481554133098095E+001  0.491044188802641E+001
  0.100000000000000E+001  0.175923219977785E+003  0.116098110196757E+001 -0.305736257286701E+001  0.658379360236159E+001
  0.100000000000000E+001  0.175920548634291E+003  0.115595975753115E+001 -0.179072601954051E+001  0.695636333662558E+001
  0.100000000000000E+001  0.175907009337063E+003  0.134044111219019E+001 -0.359896731654277E+001  0.496056940010767E+001
  0.100000000000000E+001  0.175729230304602E+003  0.104356768088078E+001 -0.129711798590677E+001  0.684550570874769E+001
  0.100000000000000E+001  0.175669438935860E+003  0.978681410463383E+000 -0.146937260593316E+001  0.417701784601172E+001
  0.100000000000000E+001  0.175642357734597E+003  0.110170772954455E+001 -0.630946030580745E+000  0.698105457891660E+001
  0.100000000000000E+001  0.175619630128220E+003  0.835758495844908E+000  0.246656606713046E+000  0.409235513242422E+001
  0.100000000000000E+001  0.175590859170214E+003  0.124702184461442E+001 -0.343371058824525E+001  0.422337420257121E+001
  0.100000000000000E+001  0.175583194427834E+003  0.128953254242750E+001 -0.425415124500384E+001  0.482959241196383E+001
  0.100000000000000E+001  0.175582863922770E+003  0.126379046393117E+001 -0.389277074788369E+001  0.448932029697026E+001
  0.100000000000000E+001  0.175525510359123E+003  0.883890021753707E+000  0.332987666944963E+001  0.649353746663755E+001
  0.100000000000000E+001  0.175508324400351E+003  0.105368098023952E+001 -0.228341670396320E+001  0.620858210096601E+001
  0.100000000000000E+001  0.175502533247669E+003  0.108015981172611E+001 -0.126638807552469E+001  0.689265073108727E+001
  0.100000000000000E+001  0.175480516951970E+003  0.912552797708637E+000  0.282736045754933E+001  0.393597268840014E+001
  0.100000000000000E+001  0.175466502679216E+003  0.115185029736087E+001 -0.185191365962854E+001  0.681725901834995E+001
  0.100000000000000E+001  0.175429849041253E+003  0.916756726092266E+000  0.239971285303839E+001  0.376275537843048E+001
  0.100000000000000E+001  0.175422190497301E+003  0.114494691321821E+001 -0.713730901202041E+000  0.678944256196555E+001
  0.100000000000000E+001  0.175395078692565E+003  0.829890993855693E+000  0.444381410697379E+001  0.509634373156622E+001
  0.100000000000000E+001  0.175379519281010E+003  0.776764075697817E+000  0.209061909439937E+001  0.593453276096603E+001
  0.100000000000000E+001  0.175350704338858E+003  0.699434085914883E+000  0.373238539150604E+001  0.495163641305039E+001
  0.100000000000000E+001  0.175321378106801E+003  0.127585526963558E+001 -0.160991230940360E+001  0.515979343098501E+001
  0.100000000000000E+001  0.175320843487825E+003  0.112816050173547E+001  0.104532766489149E+001  0.574795019102800E+001
  0.100000000000000E+001  0.175311672799366E+003  0.844325658535532E+000  0.317695684861586E+001  0.376747048965907E+001
  0.100000000000000E+001  0.175303468574410E+003  0.952780152677978E+000  0.334223242730813E+001  0.563427970142182E+001
  0.100000000000000E+001  0.175302072771429E+003  0.969412763259371E+000 -0.888217200399978E+000  0.640664216139106E+001
  0.100000000000000E+001  0.175272831519416E+003  0.121752886847233E+001 -0.440528508695266E+000  0.561034700753403E+001
  0.100000000000000E+001  0.175243331369431E+003  0.124916455412826E+001 -0.422772792686389E+001  0.521272232061300E+001
  0.100000000000000E+001  0.175242756483874E+003  0.129789298439683E+001 -0.260862206385248E+001  0.589160683411996E+001
  0.100000000000000E+001  0.174270657398050E+003  0.106241880560044E+001  0.160291429833629E+001  0.580068178173680E+001
  0.100000000000000E+001  0.175208925299644E+003  0.109514926764396E+001 -0.179319422364553E+001  0.379272363290315E+001
  0.100000000000000E+001  0.175197411588891E+003  0.918772691536142E+000 -0.734859105925068E+000  0.528255121534486E+001
  0.100000000000000E+001  0.175195361912268E+003  0.777607653243391E+000  0.447135357656455E+001  0.574413023224704E+001
  0.100000000000000E+001  0.175176640606899E+003  0.867730213080809E+000  0.316148324601080E+001  0.648926804286729E+001
  0.100000000000000E+001  0.175122331232042E+003  0.109758673309460E+001 -0.101446901117397E+001  0.682917043185242E+001
  0.100000000000000E+001  0.175108758238593E+003  0.778051097259752E+000  0.120974959717874E+001  0.444697850051125E+001
  0.100000000000000E+001  0.175082894290132E+003  0.810105263185295E+000  0.120074990967377E+001  0.529493273677962E+001
  0.100000000000000E+001  0.175080169241014E+003  0.845316656731368E+000  0.226916313346030E+001  0.326940753382518E+001
  0.100000000000000E+001  0.175064556164093E+003  0.908297606455760E+000  0.285735981959903E-001  0.629009785280392E+001
  0.100000000000000E+001  0.175022124886275E+003  0.121447638882146E+001 -0.241686630683743E+001  0.649581790841053E+001
  0.100000000000000E+001  0.174991194301984E+003  0.103610584263553E+001 -0.220898442181245E+001  0.570129545042147E+001
  0.100000000000000E+001  0.174969210371414E+003  0.107676941669722E+001 -0.273922273494500E+001  0.545681475543414E+001
  0.100000000000000E+001  0.174935143707184E+003  0.113673642356629E+001 -0.288636584723697E+001  0.619209293300218E+001
  0.100000000000000E+001  0.174933358671669E+003  0.109858213978553E+001 -0.294812674493089E+001  0.552956523358295E+001
  0.100000000000000E+001  0.174924388830761E+003  0.926356005082096E+000  0.157564661845187E+001  0.673936844680099E+001
  0.100000000000000E+001  0.174913224800422E+003  0.746510881481606E+000  0.419510544956360E+001  0.562585652462497E+001
  0.100000000000000E+001  0.174274028639865E+003  0.111287956575070E+001  0.479532499419179E+000  0.416658206488296E+001
  0.100000000000000E+001  0.174846770708797E+003  0.113685131228909E+001 -0.332761426025093E+001  0.531180796347424E+001
  0.100000000000000E+001  0.174797676077410E+003  0.107063425012879E+001 -0.254063659667074E+001  0.479377852139163E+001
  0.100000000000000E+001  0.174780969361189E+003  0.106087826591532E+001 -0.188437460342159E+001  0.633377365366476E+001
  0.100000000000000E+001  0.174776559043391E+003  0.722874182375801E+000  0.246184376058287E+001  0.452045017787556E+001
  0.100000000000000E+001  0.174740104785560E+003  0.105293448404296E+001 -0.109510356842539E+001  0.363763892639324E+001
  0.100000000000000E+001  0.174736957394785E+003  0.130030295338802E+001 -0.325296001828619E+001  0.569344659201379E+001
  0.100000000000000E+001  0.174736469440786E+003  0.855903860368820E+000  0.327803606989724E+001  0.629428690057322E+001
  0.100000000000000E+001  0.174706396106247E+003  0.716643015041478E+000  0.313567454968118E+001  0.480692143381313E+001
  0.100000000000000E+001  0.174699409142185E+003  0.110610470288302E+001 -0.698264272689570E+000  0.365210768729589E+001
  0.100000000000000E+001  0.174683325232988E+003  0.786266999989075E+000  0.408881334233061E+001  0.468067209831857E+001
  0.100000000000000E+001  0.174635510533012E+003  0.737527656713288E+000  0.360252964784316E+001  0.383217571868869E+001
  0.100000000000000E+001  0.174630489087911E+003  0.127286575728164E+001 -0.201463191234703E+001  0.563132441807117E+001
  0.100000000000000E+001  0.174619631951925E+003  0.966684228956555E+000  0.540532926189471E+000  0.329020453371459E+001
  0.100000000000000E+001  0.174597281678802E+003  0.742216360492121E+000  0.383572447168268E+001  0.513488472675623E+001
  0.100000000000000E+001  0.174591972691071E+003  0.700983603529560E+000  0.359564926612883E+001  0.440185771150776E+001
  0.100000000000000E+001  0.174591862572813E+003  0.124035072848544E+001 -0.268806918029826E+001  0.620784932520032E+001
  0.100000000000000E+001  0.174581475978679E+003  0.111288457287936E+001  0.115308675454673E+001  0.519143564649760E+001
  0.100000000000000E+001  0.174571002794206E+003  0.752534909563563E+000  0.295317228410421E+001  0.521411789585987E+001
  0.100000000000000E+001  0.174561453083786E+003  0.106909816437754E+001 -0.105948396850745E+001  0.369421388400334E+001
  0.100000000000000E+001  0.174491125256038E+003  0.795783751308097E+000  0.201387212488490E+001  0.575627102349925E+001
  0.100000000000000E+001  0.174486869226917E+003  0.101458819472327E+001  0.245107712086637E+001  0.539042657772581E+001
  0.100000000000000E+001  0.174477996487702E+003  0.112031092517417E+001  0.799256103720680E+000  0.457165265229004E+001
  0.100000000000000E+001  0.174471858662931E+003  0.117093660648994E+001 -0.345743429734677E+001  0.493639171496777E+001
  0.100000000000000E+001  0.174449099754591E+003  0.847727193541166E+000  0.209361272522959E+001  0.331613375656275E+001
  0.100000000000000E+001  0.174424923932991E+003  0.113193466473264E+001 -0.151624199264721E+001  0.655241557557753E+001
  0.100000000000000E+001  0.174410368556891E+003  0.755464503086647E+000  0.300080237949339E+001  0.522292846284208E+001
  0.100000000000000E+001  0.174400850502558E+003  0.102207412546217E+001 -0.107459364144462E+001  0.369345356193100E+001
  0.100000000000000E+001  0.174392880615636E+003  0.870568109739650E+000  0.382710496196538E+001  0.548944915036914E+001
  0.100000000000000E+001  0.174375752419261E+003  0.125612621042841E+001 -0.230526727883338E+001  0.595824488368499E+001
  0.100000000000000E+001  0.174373286505572E+003  0.112179291020137E+001 -0.292190370085734E+001  0.570566969708452E+001
  0.100000000000000E+001  0.174371827701815E+003  0.836942378215702E+000  0.156116237458166E+001  0.334172894013831E+001
  0.100000000000000E+001  0.174359722323063E+003  0.954438704522023E+000 -0.941290158649593E+000  0.477703808715235E+001
  0.100000000000000E+001  0.174359277002903E+003  0.719125842410944E+000  0.363183685723855E+001  0.452034042584906E+001
  0.100000000000000E+001  0.174304198322216E+003  0.816086481266616E+000  0.288491247910940E+001  0.614911329253567E+001
  0.100000000000000E+001  0.174341232529689E+003  0.799069105778976E+000  0.324774793209940E+001  0.603167825291998E+001
  0.100000000000000E+001  0.174332595877056E+003  0.809512141278394E+000  0.229935339949365E+001  0.604405303129607E+001
  0.100000000000000E+001  0.174326047164089E+003  0.711448453590044E+000  0.322065021660583E+001  0.432737723863106E+001
  0.100000000000000E+001  0.174325293002847E+003  0.112291501425866E+001 -0.236870044570117E+001  0.411090465334769E+001
  0.100000000000000E+001  0.174309141633937E+003  0.724479395049381E+000  0.270311268611628E+001  0.421948577644461E+001
  0.100000000000000E+001  0.174094364748521E+003  0.126723985333210E+001 -0.363401815447743E+001  0.537221543662125E+001
  0.100000000000000E+001  0.174064244261337E+003  0.763045511422646E+000  0.191029675956516E+001  0.443570601206386E+001
  0.100000000000000E+001  0.174051523599496E+003  0.817127559656457E+000  0.401684753736269E+001  0.509111816977105E+001
  0.100000000000000E+001  0.174010926202368E+003  0.936563912096104E+000  0.311875661022135E+001  0.481005200384831E+001
  0.100000000000000E+001  0.174001847338426E+003  0.845196570468096E+000  0.908619365431761E+000  0.520135507395251E+001
  0.100000000000000E+001  0.173982296637098E+003  0.122688116301250E+001 -0.279219649602307E+001  0.600004537050216E+001
  0.100000000000000E+001  0.173969521192366E+003  0.869596259175998E+000  0.530462181488971E+000  0.550504602953839E+001
  0.100000000000000E+001  0.173968306711852E+003  0.857050603139588E+000  0.365106125557325E+001  0.564822040611684E+001
  0.100000000000000E+001  0.173966185035732E+003  0.113129465079188E+001 -0.254275086676043E+001  0.601854055540119E+001
  0.100000000000000E+001  0.173943134554370E+003  0.102376818893897E+001  0.975013963946907E-001  0.653972519614546E+001
  0.100000000000000E+001  0.173926844418519E+003  0.128051740560076E+001 -0.311741099675726E+001  0.534829257530622E+001
  0.100000000000000E+001  0.173914962314281E+003  0.102486895960901E+001 -0.133258355835197E+001  0.417255002417350E+001
  0.100000000000000E+001  0.173910474069792E+003  0.905920252094727E+000  0.197854000945692E+001  0.636368653221070E+001
  0.100000000000000E+001  0.173906505200191E+003  0.977131801325480E+000  0.156862481935330E+001  0.639287184212943E+001
  0.100000000000000E+001  0.173883612371466E+003  0.940473847164622E+000  0.725985523343581E+000  0.640983626319152E+001
  0.100000000000000E+001  0.173854782347871E+003  0.111307816045900E+001 -0.188835671157776E+000  0.632900149814146E+001
  0.100000000000000E+001  0.173853315716733E+003  0.951343417250590E+000 -0.685966797466236E+000  0.461604873337889E+001
  0.100000000000000E+001  0.173834759774075E+003  0.846836319939259E+000  0.380555186982342E+001  0.527228069762551E+001
  0.100000000000000E+001  0.173747407987065E+003  0.977369663289865E+000  0.105717019368079E+001  0.644335406261793E+001
  0.100000000000000E+001  0.173740548513563E+003  0.850597272276738E+000  0.351623216848587E+001  0.456979822453376E+001
  0.100000000000000E+001  0.173726115835679E+003  0.121291058474714E+001 -0.339554614281450E+001  0.482289665464639E+001
  0.100000000000000E+001  0.173679859172877E+003  0.987608663394361E+000 -0.111560488421702E+001  0.570923588980317E+001
  0.100000000000000E+001  0.173668460152168E+003  0.100311008336901E+001 -0.136087354555444E+001  0.564473351468752E+001
  0.100000000000000E+001  0.173664496743629E+003  0.113749694510839E+001 -0.219322956305108E+001  0.612563718410183E+001
  0.100000000000000E+001  0.173653151182696E+003  0.119829592550800E+001 -0.165798596940429E+001  0.605554622077590E+001
  0.100000000000000E+001  0.173646450593037E+003  0.102900244535835E+001  0.180978458452306E+001  0.577579530696700E+001
  0.100000000000000E+001  0.173646306437437E+003  0.104314627081916E+001 -0.115343655050712E+001  0.395534409727154E+001
  0.100000000000000E+001  0.173643975133976E+003  0.107763901355940E+001 -0.161693576808459E+001  0.617590189512365E+001
  0.100000000000000E+001  0.173641950332665E+003  0.927253117602603E+000 -0.289423799471408E+000  0.460411281389850E+001
  0.100000000000000E+001  0.173630536034625E+003  0.934611750891891E+000  0.307970713978558E+001  0.500892868302023E+001
  0.100000000000000E+001  0.173629150348428E+003  0.121215664058692E+001 -0.123928207516863E+001  0.571684550244933E+001
  0.100000000000000E+001  0.173624484061585E+003  0.847338530408606E+000  0.315750181771861E+001  0.589253159191878E+001
  0.100000000000000E+001  0.173623122074007E+003  0.126084705405690E+001 -0.305137175064290E+001  0.547450885174352E+001
  0.100000000000000E+001  0.173606237451800E+003  0.107632236966376E+001 -0.164389069248539E+001  0.614194731808286E+001
  0.100000000000000E+001  0.173595473727871E+003  0.746409652263959E+000  0.284890479636644E+001  0.404130603902273E+001
  0.100000000000000E+001  0.173590273174405E+003  0.115135136492475E+001  0.195086491777872E+000  0.488787636720458E+001
  0.100000000000000E+001  0.173587908625221E+003  0.936229783597553E+000  0.293566097169816E+001  0.558215931588900E+001
  0.100000000000000E+001  0.173586991024193E+003  0.123296418799936E+001 -0.343958231128212E+001  0.520526231834741E+001
  0.100000000000000E+001  0.173581572688084E+003  0.107101543942203E+001 -0.565979593257723E+000  0.372900514945241E+001
  0.100000000000000E+001  0.173576427654347E+003  0.823668944379040E+000  0.257502767634577E+001  0.359475528081839E+001
  0.100000000000000E+001  0.173575630447180E+003  0.742221118591632E+000  0.303133014265094E+001  0.423961120803891E+001
  0.100000000000000E+001  0.173560734295589E+003  0.857590847671145E+000  0.874763381553123E+000  0.534283005797257E+001
  0.100000000000000E+001  0.173521525653794E+003  0.813713287352479E+000  0.225920503991088E+001  0.567642885076702E+001
  0.100000000000000E+001  0.173521260683260E+003  0.116562823345653E+001 -0.266834209419706E+001  0.431202483614798E+001
  0.100000000000000E+001  0.173512825780731E+003  0.937150684167033E+000 -0.516917788443678E+000  0.505867172871415E+001
  0.100000000000000E+001  0.173504519119096E+003  0.797934152670570E+000  0.288385194607802E+001  0.559881305418775E+001
  0.100000000000000E+001  0.173471142113106E+003  0.978376566465600E+000  0.200125206125288E+001  0.604475052862854E+001
  0.100000000000000E+001  0.173465251207775E+003  0.839720216647745E+000  0.363911308678040E+001  0.534725993094939E+001
  0.100000000000000E+001  0.173452183678510E+003  0.113898885376642E+001 -0.167390362194685E+001  0.620508993227091E+001
  0.100000000000000E+001  0.173440446557823E+003  0.106024212880371E+001  0.157451603753906E+001  0.510697586005552E+001
  0.100000000000000E+001  0.173440183457400E+003  0.116377301923264E+001 -0.102816439449181E+001  0.608964097930038E+001
  0.100000000000000E+001  0.173439961174194E+003  0.985303489467176E+000  0.215798166168923E-001  0.629717840252032E+001
  0.100000000000000E+001  0.173439348944927E+003  0.796295837756282E+000  0.255435922314983E+001  0.482060976727809E+001
  0.100000000000000E+001  0.173432368970284E+003  0.103244221983023E+001  0.193623842411721E+001  0.517560828041056E+001
  0.100000000000000E+001  0.173416090078138E+003  0.866809031680179E+000  0.348546771490646E+001  0.538125908321724E+001
  0.100000000000000E+001  0.173402014111270E+003  0.957206296409297E+000  0.208386720048495E+001  0.608538050694333E+001
  0.100000000000000E+001  0.173367125702558E+003  0.980844539165796E+000  0.201143150931193E+001  0.597971089584168E+001
  0.100000000000000E+001  0.173361218226639E+003  0.110238982961225E+001 -0.520392225960535E+000  0.382362498780815E+001
  0.100000000000000E+001  0.173349863791561E+003  0.124125830796168E+001 -0.183872680968642E+001  0.492107948162882E+001
  0.100000000000000E+001  0.173334603326116E+003  0.111665550658683E+001 -0.267364150895207E+001  0.501681710140795E+001
  0.100000000000000E+001  0.173332652378485E+003  0.105915752419882E+001 -0.124114174699668E+001  0.396431871745425E+001
  0.100000000000000E+001  0.173328592314818E+003  0.899400058011881E+000  0.101002247897395E+001  0.341131999011045E+001
  0.100000000000000E+001  0.173311908408488E+003  0.796514969847387E+000  0.252611362885007E+001  0.512794592956569E+001
  0.100000000000000E+001  0.173287061411261E+003  0.973530225891743E+000 -0.278931161093780E+000  0.606951395618709E+001
  0.100000000000000E+001  0.173285973818494E+003  0.845460847100784E+000  0.997573825910450E+000  0.466178014545510E+001
  0.100000000000000E+001  0.173285305751712E+003  0.939403170069553E+000  0.915748341304280E+000  0.346583055001803E+001
  0.100000000000000E+001  0.173269364356961E+003  0.861722692836990E+000  0.214855991719443E+001  0.599423348093974E+001
  0.100000000000000E+001  0.173256826279318E+003  0.119510662042194E+001 -0.133342565839274E+001  0.582714822969006E+001
  0.100000000000000E+001  0.173242059961231E+003  0.120095327427263E+001 -0.314605005421173E+001  0.481298622942541E+001
  0.100000000000000E+001  0.173241640836115E+003  0.948599272226072E+000  0.895973889597101E+000  0.625113045433383E+001
  0.100000000000000E+001  0.173241252787275E+003  0.826184845232453E+000  0.358850524963611E+001  0.515902276150373E+001
  0.100000000000000E+001  0.173212864075765E+003  0.102998546540493E+001 -0.169495075650208E+001  0.493430286141256E+001
  0.100000000000000E+001  0.173211260793853E+003  0.847966297512648E+000  0.267004240697339E+001  0.396580686285912E+001
  0.100000000000000E+001  0.173193262749929E+003  0.121632037881034E+001 -0.302681561451304E+001  0.549231886846734E+001
  0.100000000000000E+001  0.173178848566930E+003  0.859690720682638E+000  0.268330431701587E+001  0.588773574983185E+001
  0.100000000000000E+001  0.173176009228267E+003  0.931105271495468E+000  0.256950236132909E+000  0.593710667000907E+001
  0.100000000000000E+001  0.173169865592245E+003  0.114051702259470E+001  0.405341303669360E-001  0.450083971941358E+001
  0.100000000000000E+001  0.173167885474372E+003  0.993953330629088E+000  0.211290856581726E+000  0.626998982502856E+001
  0.100000000000000E+001  0.173153008447804E+003  0.102024910545560E+001 -0.544969586528040E+000  0.384379882741807E+001
  0.100000000000000E+001  0.173145959328041E+003  0.118577867362414E+001 -0.310305462055076E+001  0.513250736450944E+001
  0.100000000000000E+001  0.173127371525361E+003  0.110598869192400E+001 -0.161433724694436E+001  0.399223118925410E+001
  0.100000000000000E+001  0.173118270667347E+003  0.987390156560327E+000 -0.111018704485900E+001  0.491303919214387E+001
  0.100000000000000E+001  0.173113715772987E+003  0.116668242438864E+001 -0.260136879367506E+001  0.437949168575377E+001
  0.100000000000000E+001  0.173103350953810E+003  0.114470778991457E+001 -0.267372150282989E+001  0.553966521940632E+001
  0.100000000000000E+001  0.173099600013145E+003  0.805787213636900E+000  0.248919993472477E+001  0.486657346283490E+001
  0.100000000000000E+001  0.173088660202405E+003  0.965507946234683E+000 -0.724718149485909E+000  0.543556857533794E+001
  0.100000000000000E+001  0.173085917799831E+003  0.123881299493517E+001 -0.194386464364209E+001  0.508985503817699E+001
  0.100000000000000E+001  0.173084494165670E+003  0.119364523622156E+001 -0.248576451916072E+001  0.431959821270767E+001
  0.100000000000000E+001  0.173069422364979E+003  0.883030304368119E+000  0.864998208214217E+000  0.354825843787290E+001
  0.100000000000000E+001  0.173066695378384E+003  0.812153822758741E+000  0.341291460802228E+001  0.499621403158934E+001
  0.100000000000000E+001  0.173058173986648E+003  0.981192074604008E+000  0.222038388980909E+001  0.564032487380473E+001
  0.100000000000000E+001  0.173034120284505E+003  0.122715438582517E+001 -0.307361045965436E+001  0.492269066990236E+001
  0.100000000000000E+001  0.173016116686526E+003  0.829647766718589E+000  0.298869729755791E+001  0.559768109397731E+001
  0.100000000000000E+001  0.173006695892234E+003  0.111476198729375E+001  0.595078508605738E+000  0.529981798710358E+001
  0.100000000000000E+001  0.173003935108949E+003  0.101757588333272E+001  0.195689011541791E+001  0.481773357303144E+001
  0.100000000000000E+001  0.172997074536791E+003  0.982182507122010E+000  0.312978869098956E+000  0.619778528624656E+001
  0.100000000000000E+001  0.172992232661369E+003  0.118827804785233E+001 -0.223615465347930E+001  0.582980334471194E+001
  0.100000000000000E+001  0.172991486462409E+003  0.858950181645410E+000  0.178562507955176E+001  0.580589849484828E+001
  0.100000000000000E+001  0.172987576972114E+003  0.808153288776190E+000  0.203720710312800E+001  0.371236370888488E+001
  0.100000000000000E+001  0.172985681747460E+003  0.116968213825082E+001 -0.648543631839402E+000  0.444330996406490E+001
  0.100000000000000E+001  0.172961728443057E+003  0.978517952596845E+000 -0.949746601848119E+000  0.501352463391159E+001
  0.100000000000000E+001  0.172960217796479E+003  0.107311792117818E+001  0.765172743876036E+000  0.420100128338049E+001
  0.100000000000000E+001  0.172951770910572E+003  0.782462360148966E+000  0.216817206843292E+001  0.415030405794676E+001
  0.100000000000000E+001  0.172935760204018E+003  0.912713743767421E+000  0.113479413510703E+000  0.528963044196805E+001
  0.100000000000000E+001  0.172920329822204E+003  0.920499730997343E+000  0.460109754989219E+000  0.356941560344483E+001
  0.100000000000000E+001  0.172909716482469E+003  0.811674771200945E+000  0.241108203213739E+001  0.494634379754106E+001
  0.100000000000000E+001  0.172908471001809E+003  0.793501518925537E+000  0.280462407249922E+001  0.399928845910983E+001
  0.100000000000000E+001  0.172899954524069E+003  0.121757776241915E+001 -0.298319823280637E+001  0.484947376756686E+001
  0.100000000000000E+001  0.172887814052419E+003  0.972422154623882E+000 -0.661880407966080E+000  0.556786927100464E+001
  0.100000000000000E+001  0.172882005500033E+003  0.107236775355893E+001  0.109541049690070E+001  0.458262036060220E+001
  0.100000000000000E+001  0.172877484912406E+003  0.855860636118643E+000  0.219731694496744E+001  0.579383181932180E+001
  0.100000000000000E+001  0.172855537353771E+003  0.107991657618245E+001 -0.751100377155822E+000  0.615207677358802E+001
  0.100000000000000E+001  0.172852138355260E+003  0.104814367563015E+001 -0.586636766215435E+000  0.615019502314315E+001
  0.100000000000000E+001  0.172846567183250E+003  0.907037140134344E+000  0.256439683037868E+000  0.477877585638380E+001
  0.100000000000000E+001  0.172833223142968E+003  0.805459097975809E+000  0.214173858829548E+001  0.455291893134224E+001
  0.100000000000000E+001  0.172816438946411E+003  0.118293994930628E+001 -0.292852032381910E+001  0.492641713689241E+001
  0.100000000000000E+001  0.172808184353204E+003  0.106045656871551E+001  0.127920411611690E+001  0.465406760610340E+001
  0.100000000000000E+001  0.172806854613974E+003  0.960824911621819E+000 -0.565126166706804E+000  0.538495475444518E+001
  0.100000000000000E+001  0.172805057749928E+003  0.871768080681577E+000  0.292523154452745E+001  0.445125113917139E+001
  0.100000000000000E+001  0.172785384953808E+003  0.105187387200418E+001 -0.757369996671500E+000  0.389610941618570E+001
  0.100000000000000E+001  0.172781593602474E+003  0.905841464190228E+000  0.227576087994105E+001  0.589013537401841E+001
  0.100000000000000E+001  0.172777717563559E+003  0.858884593204431E+000  0.328644028795222E+001  0.500231395755666E+001
  0.100000000000000E+001  0.172774268652759E+003  0.822118087541760E+000  0.198537162286925E+001  0.369494994562909E+001
  0.100000000000000E+001  0.172765815871366E+003  0.111157389258300E+001  0.301093427842545E+000  0.565876861473620E+001
  0.100000000000000E+001  0.172764722767777E+003  0.842294937093849E+000  0.132690990739616E+001  0.457381633060130E+001
  0.100000000000000E+001  0.172761893192994E+003  0.903636607407221E+000  0.375121440924133E+000  0.378568216649897E+001
  0.100000000000000E+001  0.172743575338471E+003  0.117026803810421E+001 -0.248122629573672E+001  0.563237294578177E+001
  0.100000000000000E+001  0.172742900312154E+003  0.947341342646370E+000  0.166734629733054E+001  0.602440474100445E+001
  0.100000000000000E+001  0.172742745122906E+003  0.120646110479810E+001 -0.247553563717867E+001  0.448755612916142E+001
  0.100000000000000E+001  0.172737672063405E+003  0.108468213259188E+001 -0.185169017473858E+001  0.434552419047132E+001
  0.100000000000000E+001  0.172734878877719E+003  0.106895790323171E+001  0.880540705984174E+000  0.572275125401432E+001
  0.100000000000000E+001  0.172727520824944E+003  0.115420038589085E+001 -0.274892328915699E+001  0.500688375568578E+001
  0.100000000000000E+001  0.172724761014010E+003  0.944303697129580E+000  0.182042822866708E+001  0.597826889722718E+001
  0.100000000000000E+001  0.172701159706626E+003  0.100962804437032E+001 -0.561110232601308E+000  0.403232040781049E+001
  0.100000000000000E+001  0.172700721024419E+003  0.117565114443611E+001 -0.283437164972487E+001  0.488000495175093E+001
  0.100000000000000E+001  0.172699912478336E+003  0.871601813981420E+000  0.313894748883968E+001  0.476276107080614E+001
  0.100000000000000E+001  0.172698732811081E+003  0.107237530382293E+001  0.719937881445787E+000  0.579160083100899E+001
  0.100000000000000E+001  0.172688140269610E+003  0.888778545850695E+000  0.700014663319578E+000  0.468310111600163E+001
  0.100000000000000E+001  0.172687064747737E+003  0.843712961509382E+000  0.248054535358337E+001  0.432592278562428E+001
  0.100000000000000E+001  0.172682118815058E+003  0.116755904346897E+001 -0.144126867928097E+001  0.583838152707359E+001
  0.100000000000000E+001  0.172680145422978E+003  0.795531084743631E+000  0.257263810302145E+001  0.429002953340836E+001
  0.100000000000000E+001  0.172679226470295E+003  0.812526062525988E+000  0.191982748121568E+001  0.383279699426055E+001
  0.100000000000000E+001  0.172672111596857E+003  0.904085578417240E+000  0.166725523728333E+001  0.372468449136375E+001
  0.100000000000000E+001  0.172648731571080E+003  0.942827426491765E+000  0.751377913096434E-001  0.571696996781785E+001
  0.100000000000000E+001  0.172639960565003E+003  0.118115872063519E+001 -0.273049679352515E+001  0.467916476509218E+001
  0.100000000000000E+001  0.172637437173593E+003  0.102724343768559E+001  0.174917560872191E+001  0.497716604045551E+001
  0.100000000000000E+001  0.172606740621670E+003  0.836582609047595E+000  0.213638638029867E+001  0.456132613002842E+001
  0.100000000000000E+001  0.172603577155236E+003  0.113953227144698E+001 -0.168041852123636E+001  0.588881679183078E+001
  0.100000000000000E+001  0.172589717699476E+003  0.102790527578214E+001  0.104594113331407E+001  0.591732272637273E+001
  0.100000000000000E+001  0.172576077446051E+003  0.121353540886527E+001 -0.270282268105071E+001  0.524386630548893E+001
  0.100000000000000E+001  0.172563321962890E+003  0.121601192903077E+001 -0.237108909178620E+001  0.463672820357024E+001
  0.100000000000000E+001  0.172560212976032E+003  0.111202728972918E+001 -0.116667900626055E+001  0.598517570492691E+001
  0.100000000000000E+001  0.172547379051341E+003  0.851894901452043E+000  0.215008256818375E+001  0.559186490183815E+001
  0.100000000000000E+001  0.172532135855075E+003  0.107457467076591E+001 -0.173483037217515E+001  0.559871538771555E+001
  0.100000000000000E+001  0.172527511080568E+003  0.115205455690647E+001 -0.111962985608854E+001  0.414273290253022E+001
  0.100000000000000E+001  0.172508299567954E+003  0.100788373071698E+001  0.900766133409505E+000  0.391954818164882E+001
  0.100000000000000E+001  0.172507708904510E+003  0.833081784252711E+000  0.150678098992172E+001  0.387179891092386E+001
  0.100000000000000E+001  0.172480108784079E+003  0.896833623189295E+000  0.561286721423699E+000  0.514786615506247E+001
  0.100000000000000E+001  0.172479700563213E+003  0.103412785195719E+001  0.125652968493677E+001  0.568826287637106E+001
  0.100000000000000E+001  0.172472088772474E+003  0.864652689460995E+000  0.310527014716365E+001  0.501837012887438E+001
  0.100000000000000E+001  0.172466511290501E+003  0.895291291833642E+000  0.286030492551980E+001  0.464351135093425E+001
  0.100000000000000E+001  0.172462816924210E+003  0.114800203757807E+001 -0.247359227430211E+001  0.537410005016465E+001
  0.100000000000000E+001  0.172460998059442E+003  0.100412261222897E+001  0.184836065903190E+001  0.542271314930099E+001
  0.100000000000000E+001  0.172460842464602E+003  0.975969500455592E+000 -0.619798732591931E+000  0.541879492932714E+001
  0.100000000000000E+001  0.172449234998231E+003  0.119117197487820E+001 -0.117807395855655E+001  0.529927323102828E+001
  0.100000000000000E+001  0.172437140560120E+003  0.943428828597421E+000  0.201856292956312E+001  0.578582660871538E+001
  0.100000000000000E+001  0.172426208971612E+003  0.105846713803876E+001  0.118652656171852E+001  0.465270607656655E+001
  0.100000000000000E+001  0.172417370799397E+003  0.917015117478519E+000  0.207586248310449E+000  0.504780081518578E+001
  0.100000000000000E+001  0.172412392154534E+003  0.113856613660142E+001 -0.167391498419899E+001  0.581316298615803E+001
  0.100000000000000E+001  0.172402241279578E+003  0.940573695150925E+000  0.254975045014179E+001  0.471881818549072E+001
  0.100000000000000E+001  0.172398258399733E+003  0.112092460862634E+001 -0.118267913987250E+001  0.590917805672370E+001
  0.100000000000000E+001  0.172397771596529E+003  0.102858698357960E+001  0.119725854588609E+000  0.604680695840095E+001
  0.100000000000000E+001  0.172397100702098E+003  0.818585121936755E+000  0.240846404066328E+001  0.409004097240967E+001
  0.100000000000000E+001  0.172375245374389E+003  0.851298392082935E+000  0.187564294101840E+001  0.373262608395561E+001
  0.100000000000000E+001  0.172372291538978E+003  0.114364882860662E+001 -0.115025819447183E+000  0.490834579804323E+001
  0.100000000000000E+001  0.172368814353265E+003  0.999774766061912E+000 -0.541553447152737E+000  0.576756103974589E+001
  0.100000000000000E+001  0.172366388378417E+003  0.881537078307864E+000  0.285379141984046E+001  0.461893675396181E+001
  0.100000000000000E+001  0.172365029351365E+003  0.896259013510606E+000  0.245868263599452E+001  0.432410108947050E+001
  0.100000000000000E+001  0.172356360057519E+003  0.115850399020766E+001 -0.252687044989382E+001  0.527731216381157E+001
  0.100000000000000E+001  0.172354966881807E+003  0.897954161760206E+000  0.239371209593222E+001  0.565667823333282E+001
  0.100000000000000E+001  0.172342855342863E+003  0.874152515836923E+000  0.247491277898720E+001  0.558934298477088E+001
  0.100000000000000E+001  0.172342315706833E+003  0.910314150637930E+000  0.356815309989415E+000  0.500060748801693E+001
  0.100000000000000E+001  0.172329640679631E+003  0.102759137037545E+001  0.105211382865886E+001  0.411548956025070E+001
  0.100000000000000E+001  0.172297283744836E+003  0.114338962486441E+001 -0.140646223249678E+001  0.579320321502361E+001
  0.100000000000000E+001  0.172289135970436E+003  0.108532615310597E+001 -0.123673555752475E+000  0.400199006222271E+001
  0.100000000000000E+001  0.172276283442784E+003  0.873133173110925E+000  0.858243341599277E+000  0.405299055834183E+001
  0.100000000000000E+001  0.172275437294148E+003  0.104212312692983E+001 -0.637442335615518E+000  0.592044295360848E+001
  0.100000000000000E+001  0.172267720701834E+003  0.108190738805952E+001 -0.129076307720284E+001  0.409770266498664E+001
  0.100000000000000E+001  0.172262238884243E+003  0.831571913741778E+000  0.167811671883904E+001  0.397062189962277E+001
  0.100000000000000E+001  0.172248652551196E+003  0.961714982690146E+000  0.323546429235932E-002  0.399795865540356E+001
  0.100000000000000E+001  0.172248550228440E+003  0.115706176114448E+001 -0.864508392051377E+000  0.557476803132670E+001
  0.100000000000000E+001  0.172247640652859E+003  0.118699659758078E+001 -0.247792403705492E+001  0.466072854124153E+001
  0.100000000000000E+001  0.172246510899403E+003  0.950053804227687E+000  0.174902028492180E+001  0.580430311404056E+001
  0.100000000000000E+001  0.172236141677716E+003  0.869559949042858E+000  0.104210907567247E+001  0.387668472377492E+001
  0.100000000000000E+001  0.172228943677907E+003  0.865605542966730E+000  0.294642229425843E+001  0.505693099384769E+001
  0.100000000000000E+001  0.172224162090544E+003  0.111087628373719E+001  0.252466358216367E+000  0.539609825744812E+001
  0.100000000000000E+001  0.172223219018340E+003  0.940543670001358E+000  0.917022038442198E+000  0.586328351482410E+001
  0.100000000000000E+001  0.172222685360648E+003  0.931277974619838E+000  0.257568341447028E+001  0.518683171015071E+001
  0.100000000000000E+001  0.172194579794299E+003  0.100080171900281E+001  0.187196685175812E+001  0.521314980170556E+001
  0.100000000000000E+001  0.172194529663053E+003  0.991104893477890E+000 -0.603288687817226E+000  0.554196890411658E+001
  0.100000000000000E+001  0.172194501855963E+003  0.993943063207254E+000 -0.603234092963817E+000  0.434139978044171E+001
  0.100000000000000E+001  0.172177597054198E+003  0.106898470615692E+001 -0.138014507427080E+001  0.424042214059484E+001
  0.100000000000000E+001  0.172171442414147E+003  0.994446415630758E+000 -0.888104611262605E+000  0.486387279117833E+001
  0.100000000000000E+001  0.172168521627673E+003  0.108952598412416E+001 -0.171794835714213E+001  0.436726762246713E+001
  0.100000000000000E+001  0.172158967179748E+003  0.114105705668580E+001 -0.203999134257468E+001  0.555034929814156E+001
  0.100000000000000E+001  0.172157715400066E+003  0.107091950053344E+001  0.260866617644112E+000  0.581647839663830E+001
  0.100000000000000E+001  0.172154798248711E+003  0.877815471349376E+000  0.135958789593728E+001  0.451446616910607E+001
  0.100000000000000E+001  0.172152465904301E+003  0.878184352882759E+000  0.111515790923711E+001  0.441909261240441E+001
  0.100000000000000E+001  0.172145853359461E+003  0.104219885322837E+001  0.128283572057187E+001  0.533700470952673E+001
  0.100000000000000E+001  0.172144401827375E+003  0.107228173925278E+001  0.843258406165319E+000  0.536583847645438E+001
  0.100000000000000E+001  0.172136217911563E+003  0.912822460172518E+000  0.119065795715350E+001  0.375553117428601E+001
  0.100000000000000E+001  0.172134842702131E+003  0.111057962886575E+001  0.314654080548706E+000  0.521916016597914E+001
  0.100000000000000E+001  0.172123059985508E+003  0.119059571148019E+001 -0.132741881556561E+001  0.511581939564630E+001
  0.100000000000000E+001  0.172122936703383E+003  0.114719163445793E+001 -0.223801474065742E+001  0.452673882933317E+001
  0.100000000000000E+001  0.172116523459331E+003  0.105397996466035E+001 -0.817267005594047E+000  0.584121971806409E+001
  0.100000000000000E+001  0.172106771637586E+003  0.983328781018272E+000 -0.529442077898750E+000  0.446194039700662E+001
  0.100000000000000E+001  0.172105024890636E+003  0.102409761673672E+001  0.121260951053530E+001  0.425359910077464E+001
  0.100000000000000E+001  0.172102904421185E+003  0.108428485558720E+001 -0.161207435407837E+001  0.556536980023578E+001
  0.100000000000000E+001  0.172102253811499E+003  0.114902093287663E+001 -0.140955738920314E+001  0.568509252016291E+001
  0.100000000000000E+001  0.172098508639701E+003  0.116481870488349E+001 -0.126907008539240E+001  0.555740137249349E+001
  0.100000000000000E+001  0.172095806920584E+003  0.111540818983827E+001 -0.426444746573637E+000  0.415386778775937E+001
  0.100000000000000E+001  0.172088070907632E+003  0.888418927607304E+000  0.214536486514196E+001  0.430238805988387E+001
  0.100000000000000E+001  0.172085554560311E+003  0.905175387504149E+000  0.730775692641316E+000  0.436392428881368E+001
  0.100000000000000E+001  0.172084625486045E+003  0.882321892059594E+000  0.264250426872343E+001  0.534815406189114E+001
  0.100000000000000E+001  0.172077853434715E+003  0.883254529571207E+000  0.168426411867046E+001  0.387687015191834E+001
  0.100000000000000E+001  0.172072473687336E+003  0.885744985743131E+000  0.195316883450606E+001  0.559771203748294E+001
  0.100000000000000E+001  0.172066163596349E+003  0.849811555471398E+000  0.204036238843950E+001  0.476955574157163E+001
  0.100000000000000E+001  0.172062656976448E+003  0.901953889745938E+000  0.272581535296686E+001  0.507471545671901E+001
  0.100000000000000E+001  0.172059089871411E+003  0.858163691424649E+000  0.136702216059496E+001  0.426966845913440E+001
  0.100000000000000E+001  0.172052673582125E+003  0.885935797245804E+000  0.230087509193011E+001  0.552413780887924E+001
  0.100000000000000E+001  0.172052047464905E+003  0.932062305730544E+000  0.233488006700462E+001  0.541967121877218E+001
  0.100000000000000E+001  0.172049727886136E+003  0.951743704756611E+000 -0.219745455639426E+000  0.495138429053743E+001
  0.100000000000000E+001  0.172037945931195E+003  0.925971351922195E+000  0.196939088172265E+001  0.566743656146795E+001
  0.100000000000000E+001  0.172034125135056E+003  0.941709838407207E+000  0.279964439835652E+000  0.413628301453877E+001
  0.100000000000000E+001  0.172033630665150E+003  0.853916203222638E+000  0.274927008688813E+001  0.492170119635638E+001
  0.100000000000000E+001  0.172025750206102E+003  0.102332612719949E+001 -0.969116941316784E+000  0.437885728445480E+001
  0.100000000000000E+001  0.172020675616591E+003  0.884894678888426E+000  0.278770580209751E+001  0.496833304801172E+001
  0.100000000000000E+001  0.172010482899766E+003  0.109547623923429E+001  0.554405749552501E+000  0.487396171117289E+001
  0.100000000000000E+001  0.172000328448635E+003  0.100434253393250E+001  0.176469796261685E+001  0.516565632095772E+001
  0.100000000000000E+001  0.171995437940328E+003  0.879362312657597E+000  0.117507312606504E+001  0.484968576692270E+001
  0.100000000000000E+001  0.171994230871899E+003  0.103903247804495E+001 -0.772402002833417E-002  0.393682967168775E+001
  0.100000000000000E+001  0.171989584497682E+003  0.970309548712742E+000 -0.480703927651675E+000  0.495249468924558E+001
  0.100000000000000E+001  0.171985974329072E+003  0.897589911338803E+000  0.950413851284239E+000  0.382942960219181E+001
  0.100000000000000E+001  0.171985407207306E+003  0.116290946340631E+001 -0.125083729476232E+001  0.551033306599052E+001
  0.100000000000000E+001  0.171983559335870E+003  0.104271822256585E+001 -0.142271539154284E+001  0.481067999210390E+001
  0.100000000000000E+001  0.171964606873140E+003  0.973220799598592E+000 -0.137551881295863E+000  0.558758201393729E+001
  0.100000000000000E+001  0.171959658680393E+003  0.927046101213677E+000  0.113741363199728E+001  0.401523771664214E+001
  0.100000000000000E+001  0.171954724019352E+003  0.110974224149646E+001 -0.127511157457072E+001  0.573176910872805E+001
  0.100000000000000E+001  0.171954390742119E+003  0.104192810554859E+001  0.595015898563759E+000  0.406963587018023E+001
  0.100000000000000E+001  0.171951447005796E+003  0.115149307495068E+001 -0.175505534779809E+001  0.430962781823635E+001
  0.100000000000000E+001  0.171951296777393E+003  0.888440720205975E+000  0.133104361698334E+001  0.434602350581644E+001
  0.100000000000000E+001  0.171916228588503E+003  0.110359211373102E+001 -0.194403686104435E+001  0.463009885592260E+001
  0.100000000000000E+001  0.171878260765324E+003  0.859291044844361E+000  0.199712798248464E+001  0.470775791319780E+001
  0.100000000000000E+001  0.171869495886530E+003  0.109875548123195E+001 -0.177361229671281E+001  0.539188850563796E+001
  0.100000000000000E+001  0.171867936335773E+003  0.866276928660773E+000  0.266294552407199E+001  0.488669624274234E+001
  0.100000000000000E+001  0.171863757294545E+003  0.867742357103224E+000  0.163823355513597E+001  0.513104776614528E+001
  0.100000000000000E+001  0.171859215955478E+003  0.103769184178009E+001  0.884020625187333E+000  0.421454885485820E+001
  0.100000000000000E+001  0.171858003691532E+003  0.102148186775719E+001 -0.237931817893795E+000  0.580361690978127E+001
  0.100000000000000E+001  0.171853351085911E+003  0.900758900718123E+000  0.195302305544296E+001  0.429173587764708E+001
  0.100000000000000E+001  0.171851008892030E+003  0.898933126737777E+000  0.921334933446019E+000  0.419477881169282E+001
  0.100000000000000E+001  0.171849855793565E+003  0.875863707526018E+000  0.264174183861186E+001  0.477569573689786E+001
  0.100000000000000E+001  0.171840198331020E+003  0.115374988127510E+001 -0.121804979292921E+001  0.433629922958867E+001
  0.100000000000000E+001  0.171831061924070E+003  0.103285169987919E+001  0.465928369292925E+000  0.580029091424607E+001
  0.100000000000000E+001  0.171816822960676E+003  0.953376115160774E+000  0.203398417595830E+001  0.541008641300435E+001
  0.100000000000000E+001  0.171798098689949E+003  0.997424522495066E+000  0.956967261322589E+000  0.576537817177282E+001
  0.100000000000000E+001  0.171784754779877E+003  0.116575764162521E+001 -0.184089076700278E+001  0.538123941492416E+001
  0.100000000000000E+001  0.171784567241415E+003  0.102718868613477E+001 -0.102263039484062E+001  0.535268736056378E+001
  0.100000000000000E+001  0.171780048142132E+003  0.923366955362545E+000  0.235442510032230E+001  0.459220100366565E+001
  0.100000000000000E+001  0.171765762581342E+003  0.108579550852694E+001 -0.778879531496813E+000  0.574769259240165E+001
  0.100000000000000E+001  0.171746430423177E+003  0.110201141394942E+001 -0.148264635646849E+001  0.555499072650036E+001
  0.100000000000000E+001  0.171741070567599E+003  0.101423814852291E+001 -0.542319991432748E+000  0.560005508485384E+001
  0.100000000000000E+001  0.171732228398287E+003  0.101173333054006E+001  0.471721979424828E+000  0.579844895290095E+001
  0.100000000000000E+001  0.171726253093740E+003  0.107739997735007E+001 -0.160072634981870E+001  0.526628641611263E+001
  0.100000000000000E+001  0.171719613676519E+003  0.977407452737098E+000  0.181065819740695E+001  0.535391830886603E+001
  0.100000000000000E+001  0.171707744333544E+003  0.897014646086751E+000  0.164501844458357E+001  0.547346129919272E+001
  0.100000000000000E+001  0.171695471336856E+003  0.117601014786737E+001 -0.139174425763170E+001  0.513751635581534E+001
  0.100000000000000E+001  0.171691091668758E+003  0.880044966336005E+000  0.142620808598286E+001  0.474866590018800E+001
  0.100000000000000E+001  0.171682127796543E+003  0.108714729698898E+001 -0.133591655560019E+001  0.425788601665424E+001
  0.100000000000000E+001  0.171665685328711E+003  0.110145128183893E+001 -0.154364080613516E+001  0.547592503670159E+001
  0.100000000000000E+001  0.171665470828555E+003  0.103353988964821E+001 -0.109157774368572E+001  0.527389344814928E+001
  0.100000000000000E+001  0.171659322789612E+003  0.108388363927303E+001 -0.412466022174129E+000  0.571008031129620E+001
  0.100000000000000E+001  0.171656901514559E+003  0.948921965455476E+000  0.221215114698272E+001  0.486075292542335E+001
  0.100000000000000E+001  0.171656324914445E+003  0.102609096298191E+001 -0.365880223832093E+000  0.570356242390873E+001
  0.100000000000000E+001  0.171656176014785E+003  0.107651788969040E+001 -0.163730417398124E+001  0.509520326268476E+001
  0.100000000000000E+001  0.171655773774246E+003  0.101950417317687E+001 -0.789466419862265E+000  0.542234070948052E+001
  0.100000000000000E+001  0.171655268930012E+003  0.104528005122592E+001 -0.625433392951948E+000  0.409911717418270E+001
  0.100000000000000E+001  0.171651914042379E+003  0.967833789167538E+000 -0.261497590980468E+000  0.512408613667058E+001
  0.100000000000000E+001  0.171650979611240E+003  0.984637285578894E+000 -0.826472368507183E-001  0.557671961069896E+001
  0.100000000000000E+001  0.171645924768696E+003  0.868652765322580E+000  0.201905702725044E+001  0.470596758969852E+001
  0.100000000000000E+001  0.171634756417846E+003  0.113448324254060E+001 -0.155107003203058E+001  0.548678533566126E+001
  0.100000000000000E+001  0.171606507564290E+003  0.116738153253612E+001 -0.110561137359471E+001  0.484698012223364E+001
  0.100000000000000E+001  0.171588290420629E+003  0.988686205405712E+000  0.178990188267601E+001  0.477833148338829E+001
  0.100000000000000E+001  0.171555692852525E+003  0.104151358633436E+001  0.110044817533574E+001  0.464840587916491E+001
  0.100000000000000E+001  0.171528577875161E+003  0.896212745602184E+000  0.230613111674158E+001  0.517300139739282E+001
  0.100000000000000E+001  0.171506728908386E+003  0.117392178035911E+001 -0.155373848937253E+001  0.478678863025713E+001
  0.100000000000000E+001  0.171504250574444E+003  0.103678736047260E+001 -0.112226440725122E+001  0.513251816447094E+001
  0.100000000000000E+001  0.171498477759457E+003  0.923838742854804E+000  0.146340559179013E+001  0.551584987633556E+001
  0.100000000000000E+001  0.171485016340871E+003  0.109237882494637E+001 -0.986774293170640E-001  0.426385887508759E+001
  0.100000000000000E+001  0.171459622998811E+003  0.892942795936536E+000  0.202295199208494E+001  0.525955100921678E+001
  0.100000000000000E+001  0.171447150122156E+003  0.116229111142968E+001 -0.195772221457410E+001  0.479080855089161E+001
  0.100000000000000E+001  0.171419921236665E+003  0.938258747547624E+000  0.714940006397754E+000  0.433165603567698E+001
  0.100000000000000E+001  0.171405969907262E+003  0.955270275444314E+000  0.198975564851288E+001  0.466880215953500E+001
  0.100000000000000E+001  0.171405551341652E+003  0.113565850717194E+001 -0.949392597655702E+000  0.536880995080133E+001
  0.100000000000000E+001  0.171398629880604E+003  0.897261587649083E+000  0.214294160704745E+001  0.459282972752909E+001
  0.100000000000000E+001  0.171398155025045E+003  0.930653849911702E+000  0.214637233490670E+001  0.512207723315515E+001
  0.100000000000000E+001  0.171383257048276E+003  0.932366367600592E+000  0.476326843506072E+000  0.507683994472192E+001
  0.100000000000000E+001  0.171365136213985E+003  0.104334583344208E+001 -0.114707331299309E+001  0.468477785539619E+001
  0.100000000000000E+001  0.171360545638173E+003  0.102769037378284E+001  0.114774077640918E+001  0.520812287232362E+001
  0.100000000000000E+001  0.171351357519409E+003  0.113399600326578E+001 -0.641025673617690E+000  0.456011264613489E+001
  0.100000000000000E+001  0.171346372937923E+003  0.103048540163770E+001 -0.655503690686203E+000  0.428488806204380E+001
  0.100000000000000E+001  0.171330374018532E+003  0.114544462400033E+001 -0.172345168454940E+001  0.457364209376152E+001
  0.100000000000000E+001  0.171323468035036E+003  0.107491994765297E+001 -0.713464532203844E+000  0.557155549066690E+001
  0.100000000000000E+001  0.171323129098295E+003  0.103394710443417E+001  0.114158877994937E+001  0.497666751660144E+001
  0.100000000000000E+001  0.171306701544809E+003  0.969721122578216E+000 -0.277803407475830E-001  0.523335308822348E+001
  0.100000000000000E+001  0.171301257697104E+003  0.980377276924495E+000  0.163106775748449E+001  0.452395906593722E+001
  0.100000000000000E+001  0.171290024884650E+003  0.885278861526008E+000  0.201157798603597E+001  0.481844816328525E+001
  0.100000000000000E+001  0.171286853310035E+003  0.105930131745691E+001 -0.115336113706852E+001  0.446886445490740E+001
  0.100000000000000E+001  0.171280784166926E+003  0.976990859562549E+000  0.440079359139176E+000  0.417139537739771E+001
  0.100000000000000E+001  0.171278534989982E+003  0.105859173094919E+001 -0.186823095579314E-001  0.413309097120295E+001
  0.100000000000000E+001  0.171275531299265E+003  0.112305541522113E+001 -0.579339737582643E+000  0.445535787155520E+001
  0.100000000000000E+001  0.171251221283305E+003  0.956678579825812E+000  0.155290737900074E+001  0.540058329265218E+001
  0.100000000000000E+001  0.171246915611407E+003  0.909835705165605E+000  0.102533415434623E+001  0.499033580562458E+001
  0.100000000000000E+001  0.171244899268023E+003  0.974877519347523E+000  0.187731453913514E+000  0.429501773397206E+001
  0.100000000000000E+001  0.171241340644594E+003  0.103204946096881E+001  0.100410348950609E+001  0.522957512914267E+001
  0.100000000000000E+001  0.171230767577858E+003  0.104955382084480E+001  0.487429168534888E+000  0.544410682795921E+001
  0.100000000000000E+001  0.171230670905610E+003  0.944777020474985E+000  0.586668668194122E+000  0.532040981147330E+001
  0.100000000000000E+001  0.171209692645217E+003  0.977356240780869E+000  0.247660617492599E+000  0.545520262954566E+001
  0.100000000000000E+001  0.171208537534741E+003  0.901472405516476E+000  0.208130797929999E+001  0.471722786335074E+001
  0.100000000000000E+001  0.171204944665803E+003  0.102676050627592E+001 -0.910174601808421E+000  0.487144353334941E+001
  0.100000000000000E+001  0.171196269739665E+003  0.104922793793243E+001 -0.766359162123223E+000  0.543104417211542E+001
  0.100000000000000E+001  0.171180661661783E+003  0.956807630513278E+000  0.137241938293627E+000  0.500612074920896E+001
  0.100000000000000E+001  0.171169375903740E+003  0.114470445403411E+001 -0.961438744734849E+000  0.472297997946229E+001
  0.100000000000000E+001  0.171155048196352E+003  0.115048390859521E+001 -0.125961444356237E+001  0.469715955332676E+001
  0.100000000000000E+001  0.171139721663137E+003  0.969051929897044E+000  0.164218986007870E+001  0.519680498756016E+001
  0.100000000000000E+001  0.171137798281469E+003  0.100562549751729E+001  0.136910034640822E+001  0.466999075539878E+001
  0.100000000000000E+001  0.171136860716893E+003  0.109316416694261E+001 -0.151622252533301E+001  0.469563112765453E+001
  0.100000000000000E+001  0.171129304877076E+003  0.100394018753488E+001  0.490300512486797E+000  0.554820701055087E+001
  0.100000000000000E+001  0.171126130555783E+003  0.928009737179793E+000  0.704190188156218E+000  0.476185715663335E+001
  0.100000000000000E+001  0.171120447976668E+003  0.903215036855961E+000  0.132878311122103E+001  0.491399480677869E+001
  0.100000000000000E+001  0.171110375559853E+003  0.907786100858221E+000  0.130965207876463E+001  0.506397090049309E+001
  0.100000000000000E+001  0.171109853471601E+003  0.998161896127408E+000  0.141937102561849E+001  0.462786716001528E+001
  0.100000000000000E+001  0.171085413138190E+003  0.949804180080098E+000  0.183200704168796E+001  0.462889577130400E+001
  0.100000000000000E+001  0.171082995861438E+003  0.900250544926575E+000  0.158084660146474E+001  0.497048848635983E+001
  0.100000000000000E+001  0.171078910130477E+003  0.956434611678804E+000  0.178961979200898E+001  0.506505749406179E+001
  0.100000000000000E+001  0.171078267445553E+003  0.978844866726791E+000 -0.126401862801956E+000  0.508041538282998E+001
  0.100000000000000E+001  0.171073967271823E+003  0.100713757134286E+001  0.115232844423986E+000  0.550159107442039E+001
  0.100000000000000E+001  0.171055977695464E+003  0.113835209236687E+001 -0.864975687153319E+000  0.483576967746393E+001
  0.100000000000000E+001  0.171030983076844E+003  0.977541529689677E+000  0.138622706096707E+001  0.528190422056693E+001
  0.100000000000000E+001  0.171030657264416E+003  0.105454415933245E+001  0.670185565985477E+000  0.506066349859315E+001
  0.100000000000000E+001  0.171020841471031E+003  0.100874520926737E+001  0.116106026658541E+001  0.520245873176216E+001
  0.100000000000000E+001  0.171002531701600E+003  0.108217703278274E+001 -0.392580510417872E+000  0.540978435501601E+001
  0.100000000000000E+001  0.170998389454479E+003  0.105094730997925E+001 -0.435822453001833E+000  0.421153825753998E+001
  0.100000000000000E+001  0.170968335117778E+003  0.917264167354856E+000  0.190789822148058E+001  0.483751747004915E+001
  0.100000000000000E+001  0.170954866593125E+003  0.113002991571380E+001 -0.888268760844994E+000  0.462639115427319E+001
  0.100000000000000E+001  0.170952367472414E+003  0.100908809802147E+001 -0.628127022763039E-001  0.425890869073511E+001
  0.100000000000000E+001  0.170935579526900E+003  0.102987612143810E+001 -0.405070645138309E+000  0.536225979040123E+001
  0.100000000000000E+001  0.170903967020789E+003  0.930380470244254E+000  0.172194169432630E+001  0.507038956607571E+001
  0.100000000000000E+001  0.170869537673411E+003  0.106209882541086E+001 -0.108920026428332E+001  0.498634078578103E+001
  0.100000000000000E+001  0.170865006210342E+003  0.928164157124801E+000  0.124072484995688E+001  0.452974137059968E+001
  0.100000000000000E+001  0.170851801970006E+003  0.916007890931209E+000  0.138025219662221E+001  0.475363535571817E+001
  0.100000000000000E+001  0.170849088096825E+003  0.112231734475886E+001 -0.104221594796087E+001  0.509849033968915E+001
  0.100000000000000E+001  0.170840941913733E+003  0.929465725100284E+000  0.177474664688427E+001  0.478523003538338E+001
  0.100000000000000E+001  0.170839278189629E+003  0.111261887276143E+001 -0.509412784305752E+000  0.501327713065295E+001
  0.100000000000000E+001  0.170837679087456E+003  0.108427174773707E+001 -0.128481397084677E+001  0.478820981105062E+001
  0.100000000000000E+001  0.170833444599580E+003  0.104951309256440E+001 -0.901398580307259E+000  0.505901330200372E+001
  0.100000000000000E+001  0.170819990142896E+003  0.916734418770220E+000  0.156557370500957E+001  0.478034776743725E+001
  0.100000000000000E+001  0.170818752915017E+003  0.962095086403182E+000  0.396294876213446E+000  0.452970020931503E+001
  0.100000000000000E+001  0.170818536598678E+003  0.104711661451302E+001 -0.931810165337907E+000  0.477521173932236E+001
  0.100000000000000E+001  0.170816222856187E+003  0.107231974073914E+001  0.215584472335706E+000  0.509130648770027E+001
  0.100000000000000E+001  0.170810581627139E+003  0.101532872535236E+001 -0.258863564130621E+000  0.437098031388415E+001
  0.100000000000000E+001  0.170809007232625E+003  0.101177593744511E+001 -0.684875548909218E-001  0.430076897995171E+001
  0.100000000000000E+001  0.170800182436538E+003  0.108086273935749E+001 -0.939912724941763E+000  0.441568747830535E+001
  0.100000000000000E+001  0.170797903316234E+003  0.925130234253660E+000  0.153192014374849E+001  0.501550609432010E+001
  0.100000000000000E+001  0.170790100470053E+003  0.108290859493059E+001  0.118172664705781E+000  0.485119545965604E+001
  0.100000000000000E+001  0.170782684536096E+003  0.101125514387357E+001  0.114007338733485E+001  0.485984629302230E+001
  0.100000000000000E+001  0.170779837282777E+003  0.990297393367839E+000  0.429201263961957E+000  0.534722592280138E+001
  0.100000000000000E+001  0.170773471442308E+003  0.947861152050632E+000  0.685551706982224E+000  0.457725780259723E+001
  0.100000000000000E+001  0.170770323132563E+003  0.962371933440794E+000  0.816869590725730E+000  0.526782082598500E+001
  0.100000000000000E+001  0.170763605741675E+003  0.111734812803281E+001 -0.133377584698016E+001  0.483534966615843E+001
  0.100000000000000E+001  0.170763580435113E+003  0.996167318680834E+000  0.792608807328079E+000  0.532557081739545E+001
  0.100000000000000E+001  0.170755815739340E+003  0.932605573517740E+000  0.160160501786875E+001  0.497622919507149E+001
  0.100000000000000E+001  0.170754052808851E+003  0.100871636707283E+001  0.105686917975783E+001  0.508431213909439E+001
  0.100000000000000E+001  0.170744844052351E+003  0.996585993363490E+000 -0.247577129572178E+000  0.486724966986977E+001
  0.100000000000000E+001  0.170736309318305E+003  0.109794288849349E+001 -0.117570872821317E+001  0.504639233699688E+001
  0.100000000000000E+001  0.170730281956923E+003  0.995191039487015E+000  0.123119839407303E+001  0.462409633538520E+001
  0.100000000000000E+001  0.170728618898720E+003  0.102516575381706E+001 -0.507976476784762E+000  0.510601695396668E+001
  0.100000000000000E+001  0.170727350048181E+003  0.111409718003582E+001 -0.920629445473224E+000  0.457339062526311E+001
  0.100000000000000E+001  0.170712091175056E+003  0.108224080296147E+001 -0.297727513048869E+000  0.521305030749164E+001
  0.100000000000000E+001  0.170711554483328E+003  0.110989103688274E+001 -0.613338556991692E+000  0.499616842597507E+001
  0.100000000000000E+001  0.170710930238783E+003  0.990219705246380E+000  0.824032732703728E-001  0.517558561046266E+001
  0.100000000000000E+001  0.170710221507279E+003  0.104790188454628E+001  0.230349829871045E+000  0.527353581549942E+001
  0.100000000000000E+001  0.170706332072476E+003  0.106120035964767E+001 -0.712487969441511E+000  0.521501060941216E+001
  0.100000000000000E+001  0.170702466976962E+003  0.964121511412306E+000  0.316251680597219E+000  0.487569310776858E+001
  0.100000000000000E+001  0.170700512909600E+003  0.107720409593849E+001 -0.879356093800098E+000  0.517140557793079E+001
  0.100000000000000E+001  0.170700433133884E+003  0.100505036584033E+001  0.723238923338698E-001  0.528153262245629E+001
  0.100000000000000E+001  0.170695533001086E+003  0.949346024656566E+000  0.159301414216965E+001  0.479765087623922E+001
  0.100000000000000E+001  0.170690271925286E+003  0.971909475801356E+000  0.336645236643108E+000  0.510672184482076E+001
  0.100000000000000E+001  0.170672429167371E+003  0.102107502816523E+001  0.953736546022810E+000  0.482285313082684E+001
  0.100000000000000E+001  0.170669973916002E+003  0.104298158636152E+001  0.913099014693302E-001  0.429812865520207E+001
  0.100000000000000E+001  0.170665924443459E+003  0.939186256180822E+000  0.156351231618163E+001  0.478446800837251E+001
  0.100000000000000E+001  0.170660617374925E+003  0.100036411651767E+001  0.319059879856241E-001  0.520615810970674E+001
  0.100000000000000E+001  0.170659180474203E+003  0.993684036357675E+000  0.977012698562149E+000  0.519544848677452E+001
  0.100000000000000E+001  0.170656155450660E+003  0.983826400426895E+000  0.973130305295584E+000  0.522345811658902E+001
  0.100000000000000E+001  0.170655772984233E+003  0.105687196123596E+001 -0.291668756364174E+000  0.528720817887009E+001
  0.100000000000000E+001  0.170646418165162E+003  0.103175883786180E+001  0.785952869789966E+000  0.470501463018918E+001
  0.100000000000000E+001  0.170639782451355E+003  0.100416522892589E+001 -0.192055255001364E+000  0.455467896788831E+001
  0.100000000000000E+001  0.170583173461661E+003  0.109898166622059E+001 -0.103423871357548E+001  0.464282792068241E+001
  0.100000000000000E+001  0.170577465218607E+003  0.110226573840741E+001 -0.901259239628061E+000  0.460219911417521E+001
  0.100000000000000E+001  0.170539585330096E+003  0.108331671026255E+001 -0.767560724433352E+000  0.450450641613957E+001
  0.100000000000000E+001  0.170531230060533E+003  0.950053901304147E+000  0.805465428623918E+000  0.481327168834066E+001
  0.100000000000000E+001  0.170517083665223E+003  0.104926873369047E+001 -0.686763365249561E+000  0.497493089390063E+001
  0.100000000000000E+001  0.170479290154882E+003  0.102320966563306E+001  0.696330034102061E+000  0.456838356536511E+001
  0.100000000000000E+001  0.170429879598892E+003  0.106975666402571E+001 -0.509865075073293E+000  0.507763931556135E+001
  0.100000000000000E+001  0.170429145806283E+003  0.108743188767546E+001 -0.867216294242070E+000  0.483889215352827E+001
  0.100000000000000E+001  0.170380372260087E+003  0.961721988671186E+000  0.831356143641301E+000  0.469233412367539E+001
  0.100000000000000E+001  0.170361952570622E+003  0.106765302835021E+001 -0.272285689946955E+000  0.502187920427665E+001
  0.100000000000000E+001  0.170357091287757E+003  0.102702519765093E+001 -0.247253044329284E+000  0.455932278969118E+001
  0.100000000000000E+001  0.170355964375099E+003  0.101710120428757E+001  0.117331864579739E-001  0.447837640438235E+001
  0.100000000000000E+001  0.170340508114575E+003  0.101363193126945E+001  0.729933229423793E+000  0.464554869371817E+001
  0.100000000000000E+001  0.170323619681921E+003  0.969846069345498E+000  0.878840327989877E+000  0.465392972313129E+001
  0.100000000000000E+001  0.170296742789991E+003  0.988265261074468E+000  0.307889947484298E+000  0.483673806858976E+001
  0.100000000000000E+001  0.170282509106138E+003  0.106608130565495E+001 -0.109039047825476E+000  0.477430162640828E+001
  0.100000000000000E+001  0.170276682157879E+003  0.107268207541698E+001 -0.306118473616891E+000  0.475516081742535E+001
  0.100000000000000E+001  0.170260111328905E+003  0.105677213073902E+001 -0.413403203693420E+000  0.461297445318449E+001
  0.100000000000000E+001  0.170257575660024E+003  0.101944965167548E+001  0.113627519606183E-001  0.454996784555028E+001
  0.100000000000000E+001  0.170252422243710E+003  0.102178350820479E+001  0.466060265688526E-001  0.500418090196760E+001
  0.100000000000000E+001  0.170251083081720E+003  0.981840470964974E+000  0.528842532566415E+000  0.476012837015094E+001
  0.100000000000000E+001  0.170245884601081E+003  0.984289790342975E+000  0.685419941863898E+000  0.463405289242499E+001
  0.100000000000000E+001  0.170245431901384E+003  0.105913251676885E+001 -0.334532364716253E+000  0.492483220511405E+001
  0.100000000000000E+001  0.170243488086157E+003  0.100745643279435E+001  0.706351649413378E+000  0.472093848164819E+001
  0.100000000000000E+001  0.170225555562181E+003  0.101591619145012E+001  0.133898327485085E+000  0.497278034974096E+001
  0.100000000000000E+001  0.170176096108241E+003  0.102876438694108E+001 -0.110608461278090E+000  0.468670520954695E+001
