  0.100000000000000E+001  0.255413112743215E+003 -0.182584717050316E+001  0.176964931607126E+002  0.522606418328675E+002
  0.100000000000000E+001  0.191406856259102E+003  0.125451280599380E+001 -0.100443527551388E+002  0.101552218084008E+002
  0.100000000000000E+001  0.315184903392361E+003 -0.153133100301047E+001 -0.524401063944128E+002  0.483418712101621E+002
  0.100000000000000E+001  0.333246496928202E+003 -0.166462710421058E+001 -0.633560338011727E+002  0.433598585338442E+001
  0.100000000000000E+001  0.273523322903140E+003  0.246086876616767E+001  0.213736567206068E+002  0.249912652157217E+002
  0.100000000000000E+001  0.209347438574373E+003  0.976262194459737E+000  0.945733317004580E+001  0.222678273506421E+002
  0.100000000000000E+001  0.279222978949985E+003  0.987595529256909E+000  0.603437406442735E+002  0.642672122728848E+002
  0.100000000000000E+001  0.333246496928202E+003  0.543771691460813E-001  0.575197890461288E+002  0.104553515247647E+002
  0.100000000000000E+001  0.231891693788515E+003 -0.129607796227970E+001  0.385679430996105E+002  0.317650196334987E+002
  0.100000000000000E+001  0.246947524518855E+003  0.249006824057535E+001 -0.449289079216634E+002  0.327454639494682E+002
  0.100000000000000E+001  0.278612838266132E+003  0.227863305597622E+000  0.642583989880806E+002  0.405263644356007E+002
  0.100000000000000E+001  0.269297306254215E+003  0.132417315749230E+001  0.442593417895441E+002  0.567876262629929E+002
  0.100000000000000E+001  0.243739675994973E+003 -0.193055145117330E+001  0.343078223814283E+002  0.417940126935221E+002
  0.100000000000000E+001  0.292857422971731E+003  0.230719168658515E+001  0.129210265914590E+002  0.933681507044009E+001
  0.100000000000000E+001  0.241021017859672E+003  0.159305144997383E+001  0.202944476270834E+002  0.313762818546845E+002
  0.100000000000000E+001  0.330668321940952E+003  0.246144929092742E+001  0.520431771120798E+002  0.252161435385807E+002
  0.100000000000000E+001  0.263923398238787E+003  0.157930761441152E+001 -0.415814999799662E+002  0.592283081042106E+002
  0.100000000000000E+001  0.324895207308626E+003 -0.231940887949589E+001 -0.522327840977298E+002  0.394380179040547E+002
  0.100000000000000E+001  0.296267850686260E+003  0.370080727331526E+000 -0.132203200094728E+002  0.925420515295161E+001
  0.100000000000000E+001  0.253107316449521E+003  0.249371883964529E+001  0.963430154000159E+001  0.476565350628406E+002
  0.100000000000000E+001  0.264303719969461E+003  0.184974705561722E-001 -0.210173269373369E+002  0.242840385876754E+002
  0.100000000000000E+001  0.223421868431167E+003  0.108541413264249E+001 -0.303823317420243E+001  0.313178452299114E+002
  0.100000000000000E+001  0.252048621811624E+003  0.890072049356961E+000 -0.263173567619957E+002  0.212894207482370E+002
  0.100000000000000E+001  0.257105794086470E+003 -0.181214831210869E+001  0.590387574563970E+001  0.432764732484260E+002
  0.100000000000000E+001  0.306996862818989E+003  0.243688181216159E+001  0.607268425530482E+002  0.489227277991970E+002
  0.100000000000000E+001  0.292600850392579E+003 -0.211869283965286E+001  0.177649674043756E+002  0.532299225240143E+001
  0.100000000000000E+001  0.264665581053387E+003 -0.250469984335714E+001  0.238615873935181E+002  0.632550345570555E+002
  0.100000000000000E+001  0.248472308909170E+003 -0.123583992204967E+001  0.307817054796813E+002  0.536791413266972E+001
  0.100000000000000E+001  0.333246496928202E+003 -0.208440273791118E+000 -0.611043931334315E+002  0.104675207625336E+002
  0.100000000000000E+001  0.237733539066341E+003 -0.177233326090401E+001  0.319164439258978E+002  0.359284181849905E+002
  0.100000000000000E+001  0.327922429899082E+003 -0.183590184779070E+001 -0.640188890566445E+002  0.431326465976298E+002
  0.100000000000000E+001  0.269173333433330E+003 -0.100786887772755E+001 -0.158982755643337E+002  0.600825747562065E+002
  0.100000000000000E+001  0.239349658243954E+003  0.779628655974705E-001  0.260314628557368E+002  0.411427293582149E+002
  0.100000000000000E+001  0.253284656164453E+003 -0.292385500140192E+000  0.220127250390475E+001  0.548140949416166E+002
  0.100000000000000E+001  0.333246496928202E+003  0.221636082026723E+000 -0.501958978416886E+002  0.393144317018923E+001
  0.100000000000000E+001  0.278300165741236E+003 -0.139794666177806E+001 -0.236153921405100E+002  0.587352744293642E+002
  0.100000000000000E+001  0.255112132851923E+003 -0.161272101589158E+001  0.278866333348324E+002  0.564347822772486E+002
  0.100000000000000E+001  0.307274578739268E+003 -0.214270874394624E+001  0.461403005926563E+001  0.391637504440238E+001
  0.100000000000000E+001  0.257360344770445E+003  0.122082071000009E+000  0.497130431409510E+002  0.422245063119484E+002
  0.100000000000000E+001  0.264587718001511E+003 -0.202948412757317E+001  0.634011611109768E+002  0.125036101611706E+002
  0.100000000000000E+001  0.270767561281922E+003 -0.176421276870890E+001  0.635462750700837E+002  0.128350233854544E+002
  0.100000000000000E+001  0.261689871557885E+003 -0.225929227238813E+001  0.329535673316081E+002  0.631839437903113E+002
  0.100000000000000E+001  0.276041169428510E+003 -0.186291336358480E+001  0.498915853787408E+002  0.413170204418397E+001
  0.100000000000000E+001  0.273744909670512E+003 -0.112701994053258E+001 -0.214477325286230E+002  0.462159809424901E+002
  0.100000000000000E+001  0.265099104046705E+003  0.581012156843717E+000  0.454128668254830E+002  0.278717851436571E+002
  0.100000000000000E+001  0.331412172890498E+003  0.212303360577807E+001 -0.627269437582636E+002  0.140821369754151E+002
  0.100000000000000E+001  0.255147826333548E+003  0.736550087293779E+000  0.396335344963623E+002  0.287445834133314E+002
  0.100000000000000E+001  0.248469844341190E+003  0.245339761937849E+001 -0.267946228033175E+002  0.499189261900741E+002
  0.100000000000000E+001  0.242186997236876E+003  0.207242816482064E+001 -0.352734381232509E+002  0.194820352090451E+002
  0.100000000000000E+001  0.281226140124148E+003  0.573780504566873E+000 -0.542862111740135E+002  0.624131232705925E+002
  0.100000000000000E+001  0.255940490710612E+003 -0.139946037673997E+001  0.376470380790994E+002  0.581374475644196E+002
  0.100000000000000E+001  0.259505901509184E+003  0.170897463537400E+001  0.313714089463870E+002  0.351464933094282E+002
  0.100000000000000E+001  0.257749476614741E+003  0.241782450273847E+000 -0.239335327740834E+001  0.619024654593431E+001
  0.100000000000000E+001  0.236677854493852E+003 -0.202750912837745E+001  0.366527583936641E+002  0.330796350578645E+002
  0.100000000000000E+001  0.273821330520142E+003  0.549308810392039E+000 -0.448021959910185E+002  0.470164808181963E+002
  0.100000000000000E+001  0.255690289017869E+003 -0.193670172659897E+001  0.546573583884254E+002  0.536492284489557E+002
  0.100000000000000E+001  0.228146293782867E+003  0.178674663961710E+001  0.688332293233523E+001  0.296894723891666E+002
  0.100000000000000E+001  0.271384400538578E+003 -0.171727479939126E+001 -0.906929703294914E+001  0.414663234564674E+002
  0.100000000000000E+001  0.268569966736078E+003 -0.264028881320514E+000  0.638390830675300E+002  0.523448981302205E+002
  0.100000000000000E+001  0.294960784149230E+003 -0.181381715219964E+000 -0.342580159651533E+001  0.635128228568219E+001
  0.100000000000000E+001  0.329571499298744E+003 -0.208057738850362E+001 -0.405597398580755E+002  0.221605483196223E+002
  0.100000000000000E+001  0.259040441656871E+003 -0.122073070060514E+000  0.538494066448649E+002  0.432888012766869E+002
  0.100000000000000E+001  0.262996155769622E+003  0.563282258604231E+000  0.447492582702124E+002  0.560406645457986E+002
  0.100000000000000E+001  0.257689068230875E+003 -0.854380674045176E+000 -0.288776465753101E+001  0.536316811774591E+002
  0.100000000000000E+001  0.331813923854142E+003 -0.550510423408954E-001 -0.227048963773577E+002  0.785857656886710E+001
  0.100000000000000E+001  0.325980748709786E+003 -0.160813497871963E+001 -0.559178011922889E+002  0.389605255733675E+002
  0.100000000000000E+001  0.257203282739006E+003  0.170603903953490E+001  0.242454890056509E+001  0.615126729176504E+002
  0.100000000000000E+001  0.332532379832157E+003  0.142283040016585E+000 -0.277941258232809E+002  0.973635674007775E+001
  0.100000000000000E+001  0.256980538009540E+003  0.169067643273526E+000  0.107267736126659E+002  0.620731264802746E+002
  0.100000000000000E+001  0.333246496928202E+003  0.122240660957085E+001  0.353953810045600E+002  0.623135265434394E+001
  0.100000000000000E+001  0.223579340659295E+003  0.103485367821583E+001  0.909805773065489E+001  0.306173269855794E+002
  0.100000000000000E+001  0.329593218624847E+003  0.111003470335795E+001 -0.462416129940898E+002  0.179682545028037E+002
  0.100000000000000E+001  0.293684042626220E+003 -0.245743524865919E+001 -0.252928820047072E+002  0.576992972855014E+002
  0.100000000000000E+001  0.263900569247709E+003  0.186761049336460E+001  0.223886292349484E+002  0.625816735703070E+002
  0.100000000000000E+001  0.239006873943282E+003 -0.159631766170545E+001  0.523775833084924E+002  0.277668865730544E+002
  0.100000000000000E+001  0.213862976894694E+003  0.157000565979205E+001  0.892151411656387E+001  0.163268521929001E+002
  0.100000000000000E+001  0.270816929720177E+003  0.154567535490676E+001 -0.334794224459483E+002  0.160680099673900E+002
  0.100000000000000E+001  0.318760180145417E+003 -0.174108171808552E+001 -0.225338669485973E+002  0.186943849622212E+002
  0.100000000000000E+001  0.217107873008098E+003  0.637900586625320E+000 -0.100216585682416E+002  0.180583973011328E+002
  0.100000000000000E+001  0.241327890053298E+003  0.546538465129109E+000  0.482055688309438E+001  0.453098949904483E+002
  0.100000000000000E+001  0.274401445216590E+003  0.138212677278501E+001 -0.561163578438974E+002  0.576831175766175E+002
  0.100000000000000E+001  0.226371931993837E+003  0.189672913606662E+001 -0.294787832010619E+001  0.318551559423524E+002
  0.100000000000000E+001  0.298910751851368E+003  0.200313305669322E+001 -0.595920622679897E+002  0.266281806283196E+002
  0.100000000000000E+001  0.333246496928202E+003  0.241688898166213E+001  0.441443786729359E+002  0.108202652125001E+002
  0.100000000000000E+001  0.333246496928202E+003  0.670502783908680E+000 -0.369837248848375E+002  0.494850381905499E+001
  0.100000000000000E+001  0.333246496928202E+003  0.841358657462814E+000  0.629169972017160E+002  0.772585671957409E+001
  0.100000000000000E+001  0.259030898745877E+003 -0.118469944336569E+001  0.297022520219609E+002  0.422610750362584E+001
  0.100000000000000E+001  0.249319933653090E+003 -0.188774669475803E+001  0.623395687362439E+002  0.286391772801815E+002
  0.100000000000000E+001  0.253413772105153E+003 -0.539716406928201E+000  0.228455384100211E+002  0.569680899197605E+002
  0.100000000000000E+001  0.253977660449998E+003  0.248756265389437E+001 -0.325221815477747E+002  0.549386169104645E+002
  0.100000000000000E+001  0.303822462701153E+003  0.114527893342040E-001 -0.629590991838629E+002  0.515057485866675E+002
  0.100000000000000E+001  0.246373429301922E+003 -0.194853138586278E+001  0.341495968857629E+002  0.447302456820774E+002
  0.100000000000000E+001  0.260098638916077E+003 -0.200264232706789E+001  0.475619170508983E+002  0.618479298697337E+002
  0.100000000000000E+001  0.330081876410080E+003  0.222190996143086E+001 -0.607847180280329E+002  0.128070099004392E+002
  0.100000000000000E+001  0.333246496928202E+003  0.333797047853730E+000 -0.102080405575479E+002  0.435338000899543E+000
  0.100000000000000E+001  0.238173440860961E+003  0.114281583898852E+001  0.217479005092265E+002  0.159357358890906E+002
  0.100000000000000E+001  0.284518807982935E+003 -0.190744539573593E+001 -0.190532434322239E+002  0.470076938963479E+002
  0.100000000000000E+001  0.333246496928202E+003 -0.159598344823788E+000  0.466176289008120E+002  0.365838619817482E+001
  0.100000000000000E+001  0.292057349208670E+003 -0.227177194778837E+001  0.721549226258374E+001  0.102546464355347E+002
  0.100000000000000E+001  0.317698377955570E+003  0.223109553848595E+001 -0.579753957006042E+002  0.157490365391688E+002
  0.100000000000000E+001  0.241299715079320E+003 -0.326764591656096E+000  0.107395871622172E+002  0.438059459489015E+002
  0.100000000000000E+001  0.290946340949047E+003  0.184188963091259E+001  0.623611248584530E+002  0.592253175312086E+002
  0.100000000000000E+001  0.333246496928202E+003 -0.137326935569431E+001 -0.617422745277435E+002  0.177252947365533E+002
  0.100000000000000E+001  0.333246496928202E+003  0.114224772228197E+001  0.510625172600979E+002  0.122604233066705E+002
  0.100000000000000E+001  0.253166785983363E+003  0.345234709983313E+000  0.718157533586086E+001  0.575086641011675E+002
  0.100000000000000E+001  0.231949237098647E+003  0.189695220931709E+001  0.114967409681621E+002  0.214394336421018E+002
  0.100000000000000E+001  0.259506943941875E+003 -0.242423829999649E+001  0.435477751556835E+002  0.602249967592634E+002
  0.100000000000000E+001  0.265701705621923E+003  0.970171308144510E+000 -0.422214602327984E+002  0.399905379544934E+002
  0.100000000000000E+001  0.303758314221322E+003  0.255121295052490E+001  0.358127457029538E+002  0.268412204118734E+002
  0.100000000000000E+001  0.320079251894943E+003 -0.919504577947450E+000 -0.238428413990396E+002  0.168729209665564E+002
  0.100000000000000E+001  0.264983144599730E+003  0.873236557821413E+000 -0.312760794367146E+002  0.628714276338757E+002
  0.100000000000000E+001  0.280631136244558E+003 -0.188182852092864E+001 -0.664754070891139E+001  0.292183174807697E+002
  0.100000000000000E+001  0.286887906101963E+003  0.926383824308784E+000  0.530995277480260E+002  0.317377515198544E+002
  0.100000000000000E+001  0.265056657958375E+003 -0.154891927264990E+001  0.343516890571830E+001  0.625121332426663E+002
  0.100000000000000E+001  0.238796116196602E+003  0.155462273717398E+001  0.201093811641987E+002  0.250539530665623E+002
  0.100000000000000E+001  0.303740492768436E+003 -0.181692565715233E+001 -0.742710447993148E+001  0.149047180556532E+002
  0.100000000000000E+001  0.273604675603712E+003  0.227100889713992E+001 -0.240105745989900E+002  0.284990230894775E+001
  0.100000000000000E+001  0.280649670386477E+003 -0.209973423702459E+001  0.250603844566598E+001  0.197622631412795E+002
  0.100000000000000E+001  0.333246496928202E+003 -0.126014121185768E+001 -0.569241533108606E+002  0.726144777490165E+001
  0.100000000000000E+001  0.275517313345865E+003  0.164367194654513E+001  0.472806588169352E+002  0.612808475540028E+002
  0.100000000000000E+001  0.329588334984412E+003 -0.132440814541921E+001 -0.453142588610885E+002  0.244620748257958E+002
  0.100000000000000E+001  0.265607012367628E+003 -0.249917207706291E+001  0.114448258618179E+002  0.549647869157884E+002
  0.100000000000000E+001  0.254580206359877E+003  0.155569251360619E+001 -0.403981632091689E+002  0.392271077222237E+002
  0.100000000000000E+001  0.256060657471695E+003  0.122583974531284E+001 -0.211386484011632E+002  0.574819945624359E+002
  0.100000000000000E+001  0.266847396629361E+003 -0.516378074791919E+000 -0.234471257536001E+002  0.407798897238207E+002
  0.100000000000000E+001  0.251718877533887E+003 -0.244690667193460E+001  0.320571671659938E+002  0.468233007984026E+002
  0.100000000000000E+001  0.333246496928202E+003 -0.481734338187236E+000 -0.579322787216387E+002  0.325962508932177E+001
  0.100000000000000E+001  0.285581508392374E+003  0.833838457597027E-001 -0.490215967283824E+002  0.491549765734412E+002
  0.100000000000000E+001  0.248618935231092E+003 -0.157052397639749E+001  0.569831440879824E+002  0.399801425698121E+002
  0.100000000000000E+001  0.265363667665959E+003 -0.224660356414103E+001  0.173035795296930E+002  0.146836880655568E+002
  0.100000000000000E+001  0.333239947611487E+003  0.237118637077175E+001  0.486722385336957E+002  0.176578546851094E+002
  0.100000000000000E+001  0.328666556999841E+003 -0.187975239106820E+001 -0.603649393094854E+002  0.383881432174638E+002
  0.100000000000000E+001  0.265538865612299E+003  0.224315724375506E+000  0.558527908763736E+002  0.459056930635465E+002
  0.100000000000000E+001  0.243921038920643E+003 -0.101086835870294E+001  0.324712842989848E+002  0.452423997718281E+002
  0.100000000000000E+001  0.286199938486190E+003 -0.196433998559886E+001  0.986244419553259E+000  0.156945827501661E+002
  0.100000000000000E+001  0.254306123650016E+003 -0.431083289854056E+000  0.434764864962036E+002  0.522184851963020E+002
  0.100000000000000E+001  0.232257624402296E+003  0.127330073531471E+001 -0.240324991528170E+002  0.216228093776483E+002
  0.100000000000000E+001  0.333246496928202E+003  0.669391852577218E+000  0.632376408096384E+002  0.528920893621430E+001
  0.100000000000000E+001  0.210956535352876E+003  0.181177556082486E+001 -0.105663598852154E+002  0.231632909439582E+002
  0.100000000000000E+001  0.328917609719603E+003 -0.206048876047652E+000 -0.626644144096492E+002  0.363709600551602E+002
  0.100000000000000E+001  0.257524197638634E+003 -0.159431349663584E+001  0.231809754484757E+002  0.589185066868122E+002
  0.100000000000000E+001  0.331766527888572E+003 -0.128956203725684E+001 -0.525343942465420E+002  0.260599395240652E+002
  0.100000000000000E+001  0.315109462981748E+003 -0.214200119728588E+001 -0.197873137330861E+002  0.202384335890407E+002
  0.100000000000000E+001  0.207900686817230E+003  0.219709918717835E+001 -0.220848884755335E+002  0.132998893629680E+002
  0.100000000000000E+001  0.263312690960067E+003  0.153605989468206E+001 -0.404566279483509E+002  0.586827652734524E+002
  0.100000000000000E+001  0.255759091334338E+003 -0.656320146032897E+000  0.542556655067544E+002  0.263413117702342E+002
  0.100000000000000E+001  0.252480121412084E+003  0.212362375530831E+000 -0.997609878302141E+001  0.519652522564457E+002
  0.100000000000000E+001  0.258482395834168E+003 -0.569447470073921E+000  0.434528924360014E+002  0.588032696806981E+002
  0.100000000000000E+001  0.240747008056904E+003 -0.918063426294298E+000  0.478684885950317E+001  0.345774270033179E+002
  0.100000000000000E+001  0.250719523701951E+003 -0.157928509165689E+001  0.207585023187867E+002  0.494281004098081E+002
  0.100000000000000E+001  0.261679225579240E+003 -0.215109816645646E+001  0.602413017160158E+002  0.607430952136504E+002
  0.100000000000000E+001  0.256757856536488E+003  0.738110393501278E+000  0.414051543034802E+002  0.314715722738573E+002
  0.100000000000000E+001  0.234515528083480E+003 -0.522527790199337E+000  0.422397479252794E+000  0.195044882596446E+002
  0.100000000000000E+001  0.267242796470691E+003 -0.771452635684134E+000  0.308222971934737E+002  0.280981407248005E+001
  0.100000000000000E+001  0.244255469685113E+003  0.250884492893994E+000  0.358443634964085E+002  0.390575227179849E+002
  0.100000000000000E+001  0.315716050898236E+003 -0.188422201922764E+001 -0.542579367074658E+002  0.529687139560166E+002
  0.100000000000000E+001  0.254615166936688E+003 -0.132534160605215E+001  0.184910853979786E+002  0.554475706854936E+002
  0.100000000000000E+001  0.293622880990533E+003  0.901107478308681E+000  0.483857611769783E+002  0.252271946167709E+002
  0.100000000000000E+001  0.258684668146960E+003  0.206721626273981E+001 -0.331662795291290E+002  0.597129180492510E+002
  0.100000000000000E+001  0.239815021691139E+003 -0.214055430315738E+001  0.401175210834759E+002  0.361463442780536E+002
  0.100000000000000E+001  0.242667313102943E+003  0.109187756002517E+000 -0.400921851133768E+001  0.427873671388839E+002
  0.100000000000000E+001  0.255312020450131E+003 -0.971898469933754E+000  0.524792366568280E+002  0.508190865244060E+002
  0.100000000000000E+001  0.238919943151299E+003  0.111337535283703E+001 -0.222210803536863E+002  0.350677935511559E+002
  0.100000000000000E+001  0.257488206300127E+003  0.255821001213843E+001 -0.140745492911909E+002  0.615028997533961E+002
  0.100000000000000E+001  0.312851532170325E+003 -0.248764913551724E+001 -0.500101269346836E+002  0.595879104138979E+002
  0.100000000000000E+001  0.332593620801663E+003 -0.242689299197446E+001 -0.146334488954960E+002  0.382046025231524E+001
  0.100000000000000E+001  0.270210828747228E+003  0.785141190255314E+000  0.405052396677702E+002  0.228482129091833E+002
  0.100000000000000E+001  0.263267932572734E+003 -0.647630780345469E+000  0.634750742162290E+002  0.434838976152576E+002
  0.100000000000000E+001  0.304142331985472E+003 -0.696921969556702E+000 -0.625631912667906E+002  0.634085709036555E+002
  0.100000000000000E+001  0.263536501875643E+003 -0.190283319309986E+001  0.145744312203239E+001  0.492926015375189E+002
  0.100000000000000E+001  0.269853236232590E+003 -0.261306561485570E-001 -0.315112901783853E+002  0.591145835548134E+002
  0.100000000000000E+001  0.220710235509365E+003 -0.922121435286796E+000  0.146216778828148E+002  0.205727161342260E+002
  0.100000000000000E+001  0.254197115564615E+003 -0.215260819242130E+001  0.153747636931309E+002  0.422236595630855E+002
  0.100000000000000E+001  0.265398500732651E+003 -0.726155449642006E+000 -0.126955995928336E+002  0.606286200099243E+002
  0.100000000000000E+001  0.234540401418728E+003  0.106424494913548E+001  0.585445534327944E+001  0.392642751330567E+002
  0.100000000000000E+001  0.333246496928202E+003 -0.132611092600216E+001 -0.516124686250516E+002  0.159850883539436E+002
  0.100000000000000E+001  0.250415726647126E+003  0.254711263932599E+001 -0.451247922122894E+002  0.420285011773026E+002
  0.100000000000000E+001  0.258126257696279E+003 -0.156548797087061E+001  0.432040215318495E+002  0.601216346645746E+002
  0.100000000000000E+001  0.245374711884237E+003  0.248661252243305E+001 -0.625106851407357E+001  0.463910297793725E+002
  0.100000000000000E+001  0.251429788270382E+003 -0.914365373658232E-001  0.280296227494066E+002  0.536918400290069E+002
  0.100000000000000E+001  0.252350309825582E+003 -0.487626535448328E+000  0.124900795786161E+002  0.552459543875007E+002
  0.100000000000000E+001  0.333246496928202E+003 -0.446709333173677E+000 -0.457545871224991E+002  0.176193008495456E+001
  0.100000000000000E+001  0.333246496928202E+003  0.241491220034228E+001  0.598692402145319E+002  0.105993065259081E+002
  0.100000000000000E+001  0.281917096215762E+003 -0.495972621811430E+000  0.543923850879185E+002  0.180026864504318E+002
  0.100000000000000E+001  0.262502984090920E+003 -0.250491922593153E+001  0.176491246754398E+002  0.225426867830521E+002
  0.100000000000000E+001  0.253116730985394E+003  0.220943346305698E+001 -0.274180213750517E+002  0.548450588337367E+002
  0.100000000000000E+001  0.221086264744542E+003 -0.118111721694652E+001  0.300494223401346E+002  0.109545821179938E+002
  0.100000000000000E+001  0.333246496928202E+003 -0.106417963803775E+000  0.471639065541419E+002  0.413303604644741E+001
  0.100000000000000E+001  0.267987137844833E+003 -0.416664244156535E-001  0.607072077250837E+002  0.520691383351582E+002
  0.100000000000000E+001  0.333246496928202E+003  0.650971323988086E+000 -0.334819913487898E+002  0.657341218528486E+001
  0.100000000000000E+001  0.214166047315915E+003 -0.517047794811160E+000  0.107184022691574E+002  0.198179821360028E+002
  0.100000000000000E+001  0.225649895527991E+003  0.166555593788307E+001  0.547959392719450E+001  0.297515068808269E+002
  0.100000000000000E+001  0.240334525912221E+003  0.100040990736103E+001 -0.242575914857259E+002  0.315788586751081E+002
  0.100000000000000E+001  0.280621108761473E+003  0.196860724209516E+001  0.472647829066731E+002  0.484835663273733E+002
  0.100000000000000E+001  0.255440389598637E+003  0.120645246962005E+000  0.102249867263253E+002  0.600949595419459E+002
  0.100000000000000E+001  0.241544217761585E+003  0.887588233897494E+000  0.270949353635644E+002  0.177167859217173E+002
  0.100000000000000E+001  0.333246496928202E+003 -0.143558109144988E+001 -0.584221978804307E+002  0.220169335632568E+002
  0.100000000000000E+001  0.280261453081615E+003 -0.270673423247468E+000 -0.432753555861529E+001  0.947876121904843E+001
  0.100000000000000E+001  0.322238294480172E+003  0.214254426724338E+001 -0.497557567125513E+002  0.102660629096549E+002
  0.100000000000000E+001  0.274374278720278E+003 -0.158108714909639E+001 -0.155394751015856E+002  0.476878433351877E+002
