  0.100000000000000E+001  0.163405207082123E+003  0.531703949117530E+000  0.986527721003523E+001  0.571068403684984E+001
  0.100000000000000E+001  0.163517290087863E+003  0.459078973612010E+000  0.699565885334103E+001  0.621128961160699E+001
  0.100000000000000E+001  0.163569211476966E+003  0.108447266195474E+001  0.355373595872905E+001  0.647937477666326E+001
  0.100000000000000E+001  0.163999727369068E+003  0.117217550622243E+001 -0.110559892272966E+001  0.393404785037943E+001
  0.100000000000000E+001  0.164042979068759E+003  0.560355919715757E+000  0.956951565484657E+001  0.679627947565866E+001
  0.100000000000000E+001  0.164176235616004E+003  0.115225481087038E+001 -0.104973846020128E+001  0.776354039606553E+001
  0.100000000000000E+001  0.164322816083406E+003  0.103171255288557E+001  0.278104137694098E+001  0.798700214136282E+001
  0.100000000000000E+001  0.168765780801582E+003  0.145617957892128E+001 -0.414330820501276E+001  0.616885794073390E+001
  0.100000000000000E+001  0.158230423401728E+003  0.834868447622816E+000  0.190153782472770E+001  0.617284838997912E+001
  0.100000000000000E+001  0.164601465432427E+003  0.574567534182106E+000  0.990454362325789E+001  0.631384735958324E+001
  0.100000000000000E+001  0.164955293275027E+003  0.855988363466889E+000  0.338588802045970E+001  0.849601620247411E+001
  0.100000000000000E+001  0.167777926908070E+003  0.848430222670283E+000  0.526276031418901E+001  0.898289716433530E+001
  0.100000000000000E+001  0.165435813616230E+003  0.115376242027325E+001  0.172377949270712E+001  0.406114951907594E+001
  0.100000000000000E+001  0.165471631911991E+003  0.115039128274472E+001 -0.277078262767557E+001  0.732847469119051E+001
  0.100000000000000E+001  0.165806247951319E+003  0.586694558573628E+000  0.972922639624480E+001  0.721274096962040E+001
  0.100000000000000E+001  0.166020159001620E+003  0.819837428406708E+000  0.136650657072147E+001  0.812138919083283E+001
  0.100000000000000E+001  0.158232359954005E+003  0.104618188089588E+001  0.199962428641064E+001  0.639478834151594E+001
  0.100000000000000E+001  0.158258473492167E+003  0.691395768323924E+000  0.504672248373349E+001  0.650904790976514E+001
  0.100000000000000E+001  0.163365452904048E+003  0.817985435243872E+000  0.441358210507400E+001  0.807696225648711E+001
  0.100000000000000E+001  0.163221063511682E+003  0.977461770810283E+000  0.188707984499860E+001  0.800466189554360E+001
  0.100000000000000E+001  0.163096907030005E+003  0.446735938133439E+000  0.817274407760347E+001  0.652220253371460E+001
  0.100000000000000E+001  0.162676454971314E+003  0.844494488679815E+000  0.535406002686163E+001  0.762758582354714E+001
  0.100000000000000E+001  0.162660813776091E+003  0.507896208178428E+000  0.608456721533882E+001  0.610137771913346E+001
  0.100000000000000E+001  0.158279087934285E+003  0.106510126147750E+001  0.143248731095169E+001  0.642236601482526E+001
  0.100000000000000E+001  0.162592728398183E+003  0.119098838954422E+001  0.257226835701104E+000  0.429586145251697E+001
  0.100000000000000E+001  0.158308307870037E+003  0.655956996665189E+000  0.766695220256781E+001  0.553100169286608E+001
  0.100000000000000E+001  0.158317383643289E+003  0.758609732972063E+000  0.638075940130730E+001  0.624302982329225E+001
  0.100000000000000E+001  0.162422414331023E+003  0.727611864421447E+000  0.731310304625251E+001  0.415190663938376E+001
  0.100000000000000E+001  0.162403219356982E+003  0.563443970726052E+000  0.597020193961632E+001  0.703345674504660E+001
  0.100000000000000E+001  0.162374058576615E+003  0.646371961265004E+000  0.348430031423665E+001  0.517190218404829E+001
  0.100000000000000E+001  0.162370229255302E+003  0.607441082393178E+000  0.493193117081597E+001  0.429521591635234E+001
  0.100000000000000E+001  0.158331216045341E+003  0.103939172603343E+001  0.314670822634245E+001  0.516181270183996E+001
  0.100000000000000E+001  0.162256402041503E+003  0.783850110791065E+000  0.506595866131218E+001  0.775019778574708E+001
  0.100000000000000E+001  0.162232926664031E+003  0.789806293046146E+000  0.131809169124124E+001  0.627214108694623E+001
  0.100000000000000E+001  0.161608169590830E+003  0.974444109966471E+000  0.461946078214865E+001  0.658825986457471E+001
  0.100000000000000E+001  0.161468373993999E+003  0.599271518132318E+000  0.579379580582804E+001  0.701440526123801E+001
  0.100000000000000E+001  0.161339757909707E+003  0.476603486084574E+000  0.787679866289764E+001  0.524433774868378E+001
  0.100000000000000E+001  0.161294113327719E+003  0.931217586792843E+000  0.382208238942101E+001  0.739086065672020E+001
  0.100000000000000E+001  0.161286362386717E+003  0.776534063827545E+000  0.655621741494734E+001  0.699113719860068E+001
  0.100000000000000E+001  0.161179211479896E+003  0.849669228028693E+000  0.698756258330405E+000  0.603246250174810E+001
  0.100000000000000E+001  0.161043882678230E+003  0.873354577145709E+000  0.227859798272810E+001  0.741832862069559E+001
  0.100000000000000E+001  0.160856233025370E+003  0.623414584211565E+000  0.669134163924932E+001  0.705434116399014E+001
  0.100000000000000E+001  0.160808178019252E+003  0.834507557425656E+000  0.619060903780503E+001  0.439164001504543E+001
  0.100000000000000E+001  0.160743325487095E+003  0.849128602356140E+000  0.328701591199483E+001  0.744716185470280E+001
  0.100000000000000E+001  0.160738138503426E+003  0.924461490215577E+000  0.248055940823639E+001  0.743411719400182E+001
  0.100000000000000E+001  0.160731898667940E+003  0.118629056664495E+001  0.525676282697219E+000  0.474754941451835E+001
  0.100000000000000E+001  0.160602363823370E+003  0.601673632350259E+000  0.786938415824849E+001  0.664116419538269E+001
  0.100000000000000E+001  0.158344440064491E+003  0.896434240167030E+000  0.889637922771271E+000  0.594043261046301E+001
  0.100000000000000E+001  0.160536382454390E+003  0.628440789355169E+000  0.816868500239138E+001  0.634790620839576E+001
  0.100000000000000E+001  0.158348412432388E+003  0.632690906352472E+000  0.576763796217020E+001  0.625989603087549E+001
  0.100000000000000E+001  0.160439805821965E+003  0.105246021262205E+001  0.302653796270994E+001  0.647811256286396E+001
  0.100000000000000E+001  0.160406857160378E+003  0.988887593807533E+000 -0.644354827545449E+000  0.485182635795278E+001
  0.100000000000000E+001  0.160392212225537E+003  0.686278700798579E+000  0.545867640925073E+001  0.714063935992805E+001
  0.100000000000000E+001  0.158351457364796E+003  0.115509782927737E+001  0.189874065300515E+000  0.471806649286454E+001
  0.100000000000000E+001  0.160241591015132E+003  0.824077601757859E+000  0.138215915359000E+001  0.621982113165470E+001
  0.100000000000000E+001  0.160207089370753E+003  0.735164649607858E+000  0.491036692186681E+001  0.352230077859894E+001
  0.100000000000000E+001  0.160155608422429E+003  0.536738780478868E+000  0.835473166476672E+001  0.602491789224064E+001
  0.100000000000000E+001  0.160137827463896E+003  0.927490428776811E+000  0.615153332303166E+000  0.670625015608711E+001
  0.100000000000000E+001  0.160110690247094E+003  0.852759856216935E+000  0.457549771610753E+001  0.717051405341937E+001
  0.100000000000000E+001  0.160100427263393E+003  0.109419147054637E+001 -0.212203692544463E+000  0.397038546278011E+001
  0.100000000000000E+001  0.158426463220616E+003  0.968530997162365E+000  0.297622538798933E+000  0.432723255802417E+001
  0.100000000000000E+001  0.159992701929060E+003  0.745209358200448E+000  0.572335251287288E+001  0.362871400185798E+001
  0.100000000000000E+001  0.159943449765068E+003  0.845227289924033E+000  0.633568525070611E+001  0.543086473828874E+001
  0.100000000000000E+001  0.158485974002498E+003  0.113415407767711E+001  0.877315669554420E+000  0.461630701843379E+001
  0.100000000000000E+001  0.159903497822406E+003  0.749385493200305E+000  0.619124343876327E+001  0.689937595288092E+001
  0.100000000000000E+001  0.159878621233289E+003  0.931208674001883E+000  0.520752333776525E+001  0.546971790303398E+001
  0.100000000000000E+001  0.159872995360995E+003  0.108910924649557E+001  0.538065429029658E+000  0.686236362797925E+001
  0.100000000000000E+001  0.159835492656099E+003  0.887864979679807E+000  0.466896623155606E+000  0.516013760423324E+001
  0.100000000000000E+001  0.159822686822608E+003  0.863740662341157E+000  0.296364572803499E+001  0.720440489998484E+001
  0.100000000000000E+001  0.159769030684261E+003  0.976872276635842E+000 -0.520732155048279E+000  0.525846978376747E+001
  0.100000000000000E+001  0.158522298033360E+003  0.779823605512358E+000  0.370970889564742E+001  0.367293676844797E+001
  0.100000000000000E+001  0.159564708317511E+003  0.546169199440578E+000  0.809004840958147E+001  0.488103638225532E+001
  0.100000000000000E+001  0.159558638349180E+003  0.580408502086637E+000  0.780666939498676E+001  0.623623004637274E+001
  0.100000000000000E+001  0.158522731248367E+003  0.854700405952566E+000  0.585680523830865E+001  0.559845682937886E+001
  0.100000000000000E+001  0.159485209884788E+003  0.904906070188290E+000  0.335339218846556E+001  0.710684455822473E+001
  0.100000000000000E+001  0.159425150157350E+003  0.549600574848696E+000  0.828827479175797E+001  0.559168757886552E+001
  0.100000000000000E+001  0.159381778856895E+003  0.928806532553490E+000  0.267348694370516E+001  0.708896644349091E+001
  0.100000000000000E+001  0.158597764004960E+003  0.629752270390014E+000  0.782904153355327E+001  0.489104770130530E+001
  0.100000000000000E+001  0.158634299153519E+003  0.765998013065279E+000  0.636977750326614E+001  0.631491074086117E+001
  0.100000000000000E+001  0.159352191661499E+003  0.679098892537295E+000  0.733107607217730E+001  0.434384452734721E+001
  0.100000000000000E+001  0.158663554492716E+003  0.973083837580521E+000  0.107500003167262E+001  0.670243044870516E+001
  0.100000000000000E+001  0.159340776371585E+003  0.594634969847537E+000  0.760073760968125E+001  0.627763275299072E+001
  0.100000000000000E+001  0.159322567880343E+003  0.564433306004541E+000  0.661493306230791E+001  0.610139223876391E+001
  0.100000000000000E+001  0.159307642643163E+003  0.111476319834201E+001 -0.115551660935269E+001  0.463849852630989E+001
  0.100000000000000E+001  0.158849573952592E+003  0.998084341548012E+000  0.386693943546844E+001  0.580944825087553E+001
  0.100000000000000E+001  0.159265388469554E+003  0.573206826314328E+000  0.742377459911937E+001  0.448566984865043E+001
  0.100000000000000E+001  0.159248914470864E+003  0.989498255632239E+000 -0.188874388021816E-001  0.428723040820790E+001
  0.100000000000000E+001  0.159231310082612E+003  0.111039715231626E+001 -0.118485961540295E+001  0.471290298805929E+001
  0.100000000000000E+001  0.159222857990305E+003  0.801605872115484E+000  0.171013744357256E+001  0.519291655122366E+001
  0.100000000000000E+001  0.159180439239143E+003  0.771067118848130E+000  0.306109922534816E+001  0.665285222561364E+001
  0.100000000000000E+001  0.158891954123066E+003  0.104064473304143E+001  0.313946018225040E+001  0.477345467380269E+001
  0.100000000000000E+001  0.159109353917212E+003  0.101847288772385E+001  0.549733872525366E+000  0.673859378690956E+001
  0.100000000000000E+001  0.159104480436736E+003  0.693877937446409E+000  0.551944176437860E+001  0.680979607899539E+001
  0.100000000000000E+001  0.159101515028579E+003  0.105790452279032E+001  0.204707752818705E+001  0.404639270702835E+001
  0.100000000000000E+001  0.159083196456952E+003  0.113602963632513E+001 -0.139032168704940E+001  0.499949778224943E+001
  0.100000000000000E+001  0.159032104391539E+003  0.899150987256991E+000  0.121342525669523E+001  0.654379303004035E+001
  0.100000000000000E+001  0.158989708405603E+003  0.809997405323298E+000  0.347244530038094E+001  0.355110847304323E+001
  0.100000000000000E+001  0.158920063686862E+003  0.577906016414392E+000  0.697437376583400E+001  0.614256684678192E+001
  0.100000000000000E+001  0.158962728842915E+003  0.649188098779625E+000  0.639177810031953E+001  0.397442716207009E+001
  0.100000000000000E+001  0.158229293250200E+003  0.922303411743552E+000  0.412546640950063E+001  0.645263754541853E+001
  0.100000000000000E+001  0.158224846313983E+003  0.109330523477210E+001 -0.990898915805396E+000  0.506563558566766E+001
  0.100000000000000E+001  0.158221303728494E+003  0.107807479740045E+001  0.160309958921344E+001  0.623850265030865E+001
  0.100000000000000E+001  0.158215050131413E+003  0.101231927397205E+001  0.235047835568727E+001  0.652846297627231E+001
  0.100000000000000E+001  0.158205513383182E+003  0.640231057273005E+000  0.654951847259910E+001  0.629050231819301E+001
  0.100000000000000E+001  0.158176169561005E+003  0.111178857777348E+001  0.768291434710633E+000  0.614301438585741E+001
  0.100000000000000E+001  0.158170103098266E+003  0.927182874833734E+000  0.196426799294667E+001  0.671099030843294E+001
  0.100000000000000E+001  0.158168860105028E+003  0.832135616037715E+000  0.595771195228041E+001  0.577034596669329E+001
  0.100000000000000E+001  0.158137812883301E+003  0.725275991139322E+000  0.352500670359490E+001  0.608548147717437E+001
  0.100000000000000E+001  0.158093040340662E+003  0.808148401879576E+000  0.474258208352370E+001  0.669464511570761E+001
  0.100000000000000E+001  0.158076349609873E+003  0.102900261058424E+001 -0.544706024772346E+000  0.545974671121596E+001
  0.100000000000000E+001  0.158062383784272E+003  0.632472537792555E+000  0.740532115376485E+001  0.586714294925530E+001
  0.100000000000000E+001  0.158058665440953E+003  0.116657878378965E+001 -0.627844341156496E+000  0.525474400322258E+001
  0.100000000000000E+001  0.158055675324076E+003  0.657349931073574E+000  0.728702804813717E+001  0.592196997971128E+001
  0.100000000000000E+001  0.158031957306711E+003  0.695701317790456E+000  0.615517330053191E+001  0.642752879094701E+001
  0.100000000000000E+001  0.158004209999311E+003  0.693067545631889E+000  0.737575500600683E+001  0.516852982602399E+001
  0.100000000000000E+001  0.157992612504186E+003  0.107735410632181E+001 -0.203798372863815E+000  0.429134004664436E+001
  0.100000000000000E+001  0.157985732436797E+003  0.758720662525679E+000  0.360699570684569E+001  0.644340123546798E+001
  0.100000000000000E+001  0.157971026385628E+003  0.101620759138509E+001  0.225080153584855E+001  0.645676817048636E+001
  0.100000000000000E+001  0.157945930542504E+003  0.924931331801637E+000  0.312631855233961E+001  0.362331098619941E+001
  0.100000000000000E+001  0.157926664309707E+003  0.895773192945810E+000  0.789760402766859E+000  0.517801306106578E+001
  0.100000000000000E+001  0.157877322067217E+003  0.736046731363666E+000  0.510068203185965E+001  0.373830989966052E+001
  0.100000000000000E+001  0.157854672606001E+003  0.104532418048804E+001 -0.376435321587110E+000  0.584354246897927E+001
  0.100000000000000E+001  0.157803750339868E+003  0.922559708522555E+000  0.482914350987369E+001  0.507381450501569E+001
  0.100000000000000E+001  0.157749140472386E+003  0.100447628880292E+001  0.128121844113156E+001  0.649893204565514E+001
  0.100000000000000E+001  0.157735696053300E+003  0.107236230263033E+001  0.215210762720568E+001  0.573619848456433E+001
  0.100000000000000E+001  0.157733043018128E+003  0.742282819188273E+000  0.372254596870127E+001  0.627744324072652E+001
  0.100000000000000E+001  0.157710254612012E+003  0.776094822350413E+000  0.625517188736444E+001  0.440037559297510E+001
  0.100000000000000E+001  0.157673512300870E+003  0.923299043287715E+000  0.467717392698555E+001  0.469900309761861E+001
  0.100000000000000E+001  0.157662159814152E+003  0.887610583232270E+000  0.245954374595065E+001  0.659927640773403E+001
  0.100000000000000E+001  0.157652355356825E+003  0.741148306935994E+000  0.299824670407888E+001  0.513379649576504E+001
  0.100000000000000E+001  0.157619439851967E+003  0.816383002842653E+000  0.351855342078980E+001  0.364850326840674E+001
  0.100000000000000E+001  0.157617307637568E+003  0.711390874109015E+000  0.683091003728940E+001  0.588277159509579E+001
  0.100000000000000E+001  0.157602350744046E+003  0.870187456597654E+000  0.548208307748040E+001  0.522695963603711E+001
  0.100000000000000E+001  0.157588558988483E+003  0.728417499592379E+000  0.322283650898314E+001  0.519436744280540E+001
  0.100000000000000E+001  0.157584045575145E+003  0.641854023247824E+000  0.648228122018355E+001  0.607997717769791E+001
  0.100000000000000E+001  0.157505206713811E+003  0.814329140357285E+000  0.228788504657007E+001  0.598276524200020E+001
  0.100000000000000E+001  0.157492803863031E+003  0.865097905016274E+000  0.370875400740123E+001  0.660809385648298E+001
  0.100000000000000E+001  0.157489060908260E+003  0.858834643942685E+000  0.361927056354416E+001  0.661853020172961E+001
  0.100000000000000E+001  0.157474785814286E+003  0.780692417818495E+000  0.288935875753864E+001  0.606272886636189E+001
  0.100000000000000E+001  0.157464819014673E+003  0.847533871839257E+000  0.204146157298632E+001  0.614868886029635E+001
  0.100000000000000E+001  0.157441715063983E+003  0.954942421574513E+000  0.419513069811735E+001  0.477116132205630E+001
  0.100000000000000E+001  0.157425435513966E+003  0.819064407354382E+000  0.489052944364005E+001  0.644349159146562E+001
  0.100000000000000E+001  0.157424334483794E+003  0.767483517752206E+000  0.616867478003174E+001  0.601011569452416E+001
  0.100000000000000E+001  0.157407410553419E+003  0.711537471448526E+000  0.568346287129546E+001  0.634137967897773E+001
  0.100000000000000E+001  0.157405745083435E+003  0.808453456800141E+000  0.216502948097541E+001  0.565338976583357E+001
  0.100000000000000E+001  0.157397870751520E+003  0.100439303616928E+001 -0.289707677880671E-001  0.465463985741854E+001
  0.100000000000000E+001  0.157363894238026E+003  0.712538369973822E+000  0.699814806568041E+001  0.544067445621345E+001
  0.100000000000000E+001  0.157353031945945E+003  0.108611764298658E+001  0.173095103468458E+001  0.468805284180539E+001
  0.100000000000000E+001  0.157347674089267E+003  0.636124124082086E+000  0.684157194030601E+001  0.586265152381076E+001
  0.100000000000000E+001  0.157344754529115E+003  0.630043376761352E+000  0.536401185013666E+001  0.551682279393630E+001
  0.100000000000000E+001  0.157328309786867E+003  0.802712737873422E+000  0.218732206207321E+001  0.544407687714013E+001
  0.100000000000000E+001  0.157326215002127E+003  0.917407198482697E+000  0.118550548611306E+001  0.608159563217907E+001
  0.100000000000000E+001  0.157315829739255E+003  0.717154240231705E+000  0.374130558955672E+001  0.451692027856945E+001
  0.100000000000000E+001  0.157297708593518E+003  0.806193481892514E+000  0.359921760165241E+001  0.370517342095575E+001
  0.100000000000000E+001  0.157287755072109E+003  0.702976860779090E+000  0.598850148626887E+001  0.623416140758112E+001
  0.100000000000000E+001  0.157283932505410E+003  0.644616305762455E+000  0.725136637595412E+001  0.477652100921277E+001
  0.100000000000000E+001  0.157265109442423E+003  0.112139201350954E+001  0.316624806374165E+000  0.569875473911801E+001
  0.100000000000000E+001  0.157264379422433E+003  0.635130501047781E+000  0.719109013960315E+001  0.559208983246885E+001
  0.100000000000000E+001  0.157234561801814E+003  0.860569473285184E+000  0.533540728197346E+001  0.573012462337358E+001
  0.100000000000000E+001  0.157231211691931E+003  0.101258569791404E+001 -0.139568153796432E+000  0.545411026788832E+001
  0.100000000000000E+001  0.157222386376040E+003  0.924089486978562E+000  0.146663471330635E+001  0.626289994737876E+001
  0.100000000000000E+001  0.157181866076984E+003  0.102768021838508E+001  0.535187126785715E+000  0.410162825845057E+001
  0.100000000000000E+001  0.157177134184335E+003  0.776076584164513E+000  0.263183292481091E+001  0.483437538785402E+001
  0.100000000000000E+001  0.157172359626838E+003  0.974904471512901E+000  0.944303763033815E+000  0.620072386509269E+001
  0.100000000000000E+001  0.157153680027350E+003  0.105841775981686E+001 -0.315605233956575E+000  0.559495548095711E+001
  0.100000000000000E+001  0.157106629716387E+003  0.105246920938683E+001 -0.730960948325219E-001  0.579824444187773E+001
  0.100000000000000E+001  0.157089106496654E+003  0.931984685410013E+000  0.104889451991819E+001  0.422644996550105E+001
  0.100000000000000E+001  0.157072163921473E+003  0.998016264527625E+000  0.240913465076834E+001  0.625037739857116E+001
  0.100000000000000E+001  0.157061366297751E+003  0.999936873078000E+000  0.206540524663410E-001  0.545703778554179E+001
  0.100000000000000E+001  0.157061017988202E+003  0.846808792632031E+000  0.241436425068449E+001  0.395471229744755E+001
  0.100000000000000E+001  0.157028258197910E+003  0.661173147104103E+000  0.491378615830951E+001  0.459074053363747E+001
  0.100000000000000E+001  0.157023303241024E+003  0.100466612851663E+001  0.277563758072353E+001  0.602518648332825E+001
  0.100000000000000E+001  0.157021328972956E+003  0.105487206515812E+001  0.368134300937271E+000  0.600298889301534E+001
  0.100000000000000E+001  0.157003950759661E+003  0.102928175624850E+001  0.292517075469630E+001  0.511065604630277E+001
  0.100000000000000E+001  0.156994781288928E+003  0.101736489738045E+001  0.302758311541146E+001  0.554205162209129E+001
  0.100000000000000E+001  0.156992786418834E+003  0.658596089398185E+000  0.507548308135144E+001  0.572078161344491E+001
  0.100000000000000E+001  0.156987462451616E+003  0.683058141011834E+000  0.700588413699055E+001  0.550157462089092E+001
  0.100000000000000E+001  0.156976410449767E+003  0.924188881917987E+000  0.157088790476436E+001  0.623317523764022E+001
  0.100000000000000E+001  0.156942064511523E+003  0.902522396512629E+000  0.302088761949858E+001  0.645946469165518E+001
  0.100000000000000E+001  0.156903403439904E+003  0.103838442581379E+001  0.112235601409033E+001  0.402603686785711E+001
  0.100000000000000E+001  0.156897493606257E+003  0.110869073880136E+001  0.898742771799874E-001  0.562231661910346E+001
  0.100000000000000E+001  0.156889109676102E+003  0.626496000243219E+000  0.559567245651542E+001  0.512026110959393E+001
  0.100000000000000E+001  0.156879569916101E+003  0.814824598381885E+000  0.545281678154113E+001  0.417614596134373E+001
  0.100000000000000E+001  0.156845535273698E+003  0.788279391208016E+000  0.353675285154583E+001  0.626112843191897E+001
  0.100000000000000E+001  0.156842277476427E+003  0.880001244060514E+000  0.274258013017204E+001  0.640649378647540E+001
  0.100000000000000E+001  0.156806559376961E+003  0.737454557866658E+000  0.484163891513374E+001  0.625882024173360E+001
  0.100000000000000E+001  0.156801418997705E+003  0.110180019646215E+001 -0.383147035061114E+000  0.509518050463783E+001
  0.100000000000000E+001  0.156794818271797E+003  0.749517375539095E+000  0.489904547571633E+001  0.629142766445223E+001
  0.100000000000000E+001  0.156777677294457E+003  0.653080541390024E+000  0.519165331672167E+001  0.557511821198127E+001
  0.100000000000000E+001  0.156776172548570E+003  0.875804695081674E+000  0.310452040093905E+001  0.366864482174274E+001
  0.100000000000000E+001  0.156765061888359E+003  0.776532290380463E+000  0.452509836026478E+001  0.376158170779674E+001
  0.100000000000000E+001  0.156760161945784E+003  0.800949306293501E+000  0.342071463016518E+001  0.384812788599387E+001
  0.100000000000000E+001  0.156756624070423E+003  0.683326981689291E+000  0.701910317989426E+001  0.508073922478294E+001
  0.100000000000000E+001  0.156740225465291E+003  0.715322836973665E+000  0.552309269188497E+001  0.615602472773838E+001
  0.100000000000000E+001  0.156712408245709E+003  0.102613442950220E+001  0.889209037781214E+000  0.405957973558869E+001
  0.100000000000000E+001  0.156706472918498E+003  0.107997191655353E+001  0.936834267231674E+000  0.435045312549373E+001
  0.100000000000000E+001  0.156687070459597E+003  0.854954918142091E+000  0.174296790962269E+001  0.459445805775741E+001
  0.100000000000000E+001  0.156663807827199E+003  0.103094636005661E+001  0.255449866848754E+001  0.453894201470676E+001
  0.100000000000000E+001  0.156659540570840E+003  0.975251542679828E+000  0.318441249305553E+001  0.416955628184173E+001
  0.100000000000000E+001  0.156651805725401E+003  0.909006565753186E+000  0.407890433183518E+001  0.405694890835706E+001
  0.100000000000000E+001  0.156611321669563E+003  0.850574440857017E+000  0.396953043134081E+001  0.371720470654745E+001
  0.100000000000000E+001  0.156605092136815E+003  0.817973312819044E+000  0.370096709415212E+001  0.372757146443884E+001
  0.100000000000000E+001  0.156603200649004E+003  0.966592490022031E+000  0.374114356847093E+001  0.553471258513056E+001
  0.100000000000000E+001  0.156585501525151E+003  0.652409174617277E+000  0.665758420688864E+001  0.562466055317320E+001
  0.100000000000000E+001  0.156569395872199E+003  0.688633633142756E+000  0.680176863776134E+001  0.547076071136685E+001
  0.100000000000000E+001  0.156553942470628E+003  0.654119938621588E+000  0.504817276590595E+001  0.510568748441593E+001
  0.100000000000000E+001  0.156536826843295E+003  0.105309626679903E+001  0.193932215038448E+001  0.568555350767453E+001
  0.100000000000000E+001  0.156531198176586E+003  0.994839897315380E+000  0.336449438919006E+001  0.523037935402150E+001
  0.100000000000000E+001  0.156531115282540E+003  0.104611215968591E+001  0.228082437198671E+001  0.550755049924710E+001
  0.100000000000000E+001  0.156527298187033E+003  0.914875544215619E+000  0.125371126070479E+001  0.579613482775870E+001
  0.100000000000000E+001  0.156521991988684E+003  0.829562127804411E+000  0.215384038659664E+001  0.560991129360082E+001
  0.100000000000000E+001  0.156511826361135E+003  0.800076510376776E+000  0.403356498808212E+001  0.630097088222519E+001
  0.100000000000000E+001  0.156489172925199E+003  0.816144649239908E+000  0.461238550806935E+001  0.625072345135762E+001
  0.100000000000000E+001  0.156457777599467E+003  0.727606427641376E+000  0.659474065159083E+001  0.481657594502443E+001
  0.100000000000000E+001  0.156455532972204E+003  0.958349731544016E+000  0.381981797846277E+001  0.461080919920945E+001
  0.100000000000000E+001  0.156448102400137E+003  0.740751867477937E+000  0.350346145512233E+001  0.553104579322282E+001
  0.100000000000000E+001  0.156439072383984E+003  0.630166176155966E+000  0.586632930632274E+001  0.496129247733352E+001
  0.100000000000000E+001  0.156435420606972E+003  0.782329414427501E+000  0.468280964266319E+001  0.624313112654247E+001
  0.100000000000000E+001  0.156413467335183E+003  0.861022949430370E+000  0.526398831470001E+001  0.525605434449441E+001
  0.100000000000000E+001  0.156400305068183E+003  0.102290271975283E+001  0.135230684203714E+001  0.403519792856441E+001
  0.100000000000000E+001  0.156397874251897E+003  0.886008459012506E+000  0.262610292667604E+001  0.376664189329319E+001
  0.100000000000000E+001  0.156346119862620E+003  0.682395624813865E+000  0.685577376319745E+001  0.507115665631229E+001
  0.100000000000000E+001  0.156332346487159E+003  0.947197726750242E+000  0.263560890546256E+001  0.621867836411808E+001
  0.100000000000000E+001  0.156322362444563E+003  0.698008594515119E+000  0.674964290259379E+001  0.524782415936247E+001
  0.100000000000000E+001  0.156317055362821E+003  0.728553393958882E+000  0.569572879098885E+001  0.599539244104227E+001
  0.100000000000000E+001  0.156313073205301E+003  0.108139825390094E+001  0.265508237806969E+000  0.455183716094819E+001
  0.100000000000000E+001  0.156305856593587E+003  0.760014549201848E+000  0.422272979682545E+001  0.611896446638967E+001
  0.100000000000000E+001  0.156293469409074E+003  0.103135207582440E+001  0.228116387847635E+000  0.557470757405625E+001
  0.100000000000000E+001  0.156292849885258E+003  0.941150475399791E+000  0.323783515991789E+001  0.610162888470987E+001
  0.100000000000000E+001  0.156288041502268E+003  0.648261178210512E+000  0.536239245646210E+001  0.506978040863079E+001
  0.100000000000000E+001  0.156282115184824E+003  0.971692794318460E+000  0.180035690574721E+001  0.615239625922016E+001
  0.100000000000000E+001  0.156276809231660E+003  0.742383213549075E+000  0.357633769499262E+001  0.556717075049450E+001
  0.100000000000000E+001  0.156256311692900E+003  0.661545261133383E+000  0.646356997926773E+001  0.557674012023680E+001
  0.100000000000000E+001  0.156251569714228E+003  0.907389906158779E+000  0.424642541305909E+001  0.581626521540268E+001
  0.100000000000000E+001  0.156240498942364E+003  0.640548252498544E+000  0.565644411899807E+001  0.513208698390845E+001
  0.100000000000000E+001  0.156239757660203E+003  0.853761963552359E+000  0.320733370247416E+001  0.375100932521265E+001
  0.100000000000000E+001  0.156221567336650E+003  0.959631511529660E+000  0.575112392734127E+000  0.495897673672685E+001
  0.100000000000000E+001  0.156214727634688E+003  0.108383084268785E+001  0.938548790465106E+000  0.551631026617695E+001
  0.100000000000000E+001  0.156210678843678E+003  0.724255843371886E+000  0.373928591312286E+001  0.495439218420502E+001
  0.100000000000000E+001  0.156207567131955E+003  0.903408048981997E+000  0.166694858682511E+001  0.590420664598201E+001
  0.100000000000000E+001  0.156206706841593E+003  0.102380982286587E+001  0.106153986369721E+001  0.593681961791982E+001
  0.100000000000000E+001  0.156195115999110E+003  0.938977030435715E+000  0.806836993896511E+000  0.526586219706742E+001
  0.100000000000000E+001  0.156171770202486E+003  0.947023062146302E+000  0.835941621076017E+000  0.549724135551361E+001
  0.100000000000000E+001  0.156162067295241E+003  0.696384158950977E+000  0.446279985999276E+001  0.459351467157386E+001
  0.100000000000000E+001  0.156158415736821E+003  0.908711358409151E+000  0.456390923709115E+001  0.524326286822378E+001
  0.100000000000000E+001  0.156152800319360E+003  0.960639121894071E+000  0.363968290146580E+001  0.451389946004411E+001
  0.100000000000000E+001  0.156142708818097E+003  0.102248460718442E+001  0.615404442792666E+000  0.576271099821412E+001
  0.100000000000000E+001  0.156121469254607E+003  0.756549608608982E+000  0.503089737811956E+001  0.608419772472180E+001
  0.100000000000000E+001  0.156112870218428E+003  0.710636669866872E+000  0.564103445958555E+001  0.591003788598030E+001
  0.100000000000000E+001  0.156105351409940E+003  0.873718973733052E+000  0.271958805611983E+001  0.381588762457571E+001
  0.100000000000000E+001  0.156095314678219E+003  0.107981639348254E+001  0.139965497360367E+001  0.514590284627635E+001
  0.100000000000000E+001  0.156088723368013E+003  0.862328681369947E+000  0.314187913478102E+001  0.621375604226572E+001
  0.100000000000000E+001  0.156065511388281E+003  0.102451820163932E+001  0.257093360196944E+001  0.539003487689802E+001
  0.100000000000000E+001  0.156058223488344E+003  0.793091905340296E+000  0.579513910381289E+001  0.550590602140073E+001
  0.100000000000000E+001  0.156050100744104E+003  0.103613167901144E+001  0.280264452644971E+000  0.549785277796420E+001
  0.100000000000000E+001  0.156043065174550E+003  0.998590664790931E+000  0.308297110239239E+001  0.533217801184192E+001
  0.100000000000000E+001  0.156042647662183E+003  0.819823548245446E+000  0.548150535513308E+001  0.449500405198238E+001
  0.100000000000000E+001  0.156042329869250E+003  0.727669493587402E+000  0.478128843702281E+001  0.595524526361875E+001
  0.100000000000000E+001  0.156041130702104E+003  0.819663799134111E+000  0.327251520982389E+001  0.609406287948462E+001
  0.100000000000000E+001  0.156040546894646E+003  0.776035192604986E+000  0.342250764996831E+001  0.583673044092756E+001
  0.100000000000000E+001  0.156039571364977E+003  0.734106960238029E+000  0.483231933623719E+001  0.599542453571085E+001
  0.100000000000000E+001  0.156037576258877E+003  0.101867708176875E+001  0.110573665553572E+001  0.412081263086033E+001
  0.100000000000000E+001  0.156036772987456E+003  0.862376398778976E+000  0.409098481880039E+001  0.385343146004684E+001
  0.100000000000000E+001  0.156032843160423E+003  0.992764448468506E+000  0.248210878968513E+001  0.591194679682576E+001
  0.100000000000000E+001  0.156017220219505E+003  0.855594042041693E+000  0.468087532982682E+001  0.590323096407724E+001
  0.100000000000000E+001  0.155973858828883E+003  0.701413509338902E+000  0.497488867362915E+001  0.577374598519297E+001
  0.100000000000000E+001  0.155960064047965E+003  0.101963681520982E+001  0.210252263872698E+001  0.578010015362697E+001
  0.100000000000000E+001  0.155946458337155E+003  0.931286268051270E+000  0.254651225985722E+001  0.614129799246317E+001
  0.100000000000000E+001  0.155942595492762E+003  0.847795845391271E+000  0.519918896388130E+001  0.543950034089843E+001
  0.100000000000000E+001  0.155931940336363E+003  0.107574363970677E+001  0.718877011646001E+000  0.455301864146947E+001
  0.100000000000000E+001  0.155925504722504E+003  0.884263445737646E+000  0.330193165045519E+001  0.377346472494767E+001
  0.100000000000000E+001  0.155908376345846E+003  0.107694210125133E+001  0.134410536967285E+001  0.512023214724611E+001
  0.100000000000000E+001  0.155903981326155E+003  0.105808041319589E+001  0.163431412137234E+001  0.544699470629835E+001
  0.100000000000000E+001  0.155891388256368E+003  0.982327773714670E+000  0.337416878248830E+001  0.495638860113475E+001
  0.100000000000000E+001  0.155887579132203E+003  0.926005578728307E+000  0.114091935791934E+001  0.455208580693287E+001
  0.100000000000000E+001  0.155879866675702E+003  0.898231628819634E+000  0.464466487793729E+001  0.494799052583428E+001
  0.100000000000000E+001  0.155879647872902E+003  0.103920312369120E+001  0.127516273368407E+001  0.576161695457493E+001
  0.100000000000000E+001  0.155857667012283E+003  0.852218032285957E+000  0.254422484456667E+001  0.403840986466955E+001
  0.100000000000000E+001  0.155853969888806E+003  0.873068243518174E+000  0.299262839894783E+001  0.614148531805859E+001
  0.100000000000000E+001  0.155848032958807E+003  0.983166028164080E+000  0.312404505844481E+001  0.446165655829082E+001
  0.100000000000000E+001  0.155839047577652E+003  0.974067706320918E+000  0.233990549705969E+001  0.599680167667416E+001
  0.100000000000000E+001  0.155825350519482E+003  0.899680970086239E+000  0.395624744351075E+001  0.591730365417518E+001
  0.100000000000000E+001  0.155819993351674E+003  0.787248139254593E+000  0.538364278322466E+001  0.582296288909286E+001
  0.100000000000000E+001  0.155819872285540E+003  0.703281864606222E+000  0.626740953487591E+001  0.552310243840276E+001
  0.100000000000000E+001  0.155810803431302E+003  0.697044536879474E+000  0.464084588237023E+001  0.455221327701054E+001
  0.100000000000000E+001  0.155809226586230E+003  0.960855073264635E+000  0.101460787496029E+001  0.433561063660447E+001
  0.100000000000000E+001  0.155799849962693E+003  0.751700425750330E+000  0.557197743469825E+001  0.583327688660130E+001
  0.100000000000000E+001  0.155797855924689E+003  0.670266920436999E+000  0.583267912441727E+001  0.553464792381355E+001
  0.100000000000000E+001  0.155775355723727E+003  0.103375862008875E+001  0.224430400862839E+001  0.535219355708419E+001
  0.100000000000000E+001  0.155767997760381E+003  0.103798015906742E+001  0.226298918755147E+001  0.492515376044110E+001
  0.100000000000000E+001  0.155765951483471E+003  0.968491793053154E+000  0.165649456969680E+001  0.596316839754942E+001
  0.100000000000000E+001  0.155753993641678E+003  0.937279227487352E+000  0.248256653052808E+001  0.607223987453288E+001
  0.100000000000000E+001  0.155745173536402E+003  0.699010803697526E+000  0.613092590157628E+001  0.441251764846344E+001
  0.100000000000000E+001  0.155728356213710E+003  0.743741350491964E+000  0.356180263590454E+001  0.494681932773550E+001
  0.100000000000000E+001  0.155721333934364E+003  0.680772396194583E+000  0.619794016934667E+001  0.547968571087813E+001
  0.100000000000000E+001  0.155707083134058E+003  0.916638034200506E+000  0.213870661186847E+001  0.392187260446811E+001
  0.100000000000000E+001  0.155698394801063E+003  0.703831884658567E+000  0.560335255567047E+001  0.572926703888252E+001
  0.100000000000000E+001  0.155694500036418E+003  0.693287311963533E+000  0.648847689722344E+001  0.483819950852010E+001
  0.100000000000000E+001  0.155664554489450E+003  0.833166170536350E+000  0.524747477906939E+001  0.545890917969267E+001
  0.100000000000000E+001  0.155641185312978E+003  0.902788250384220E+000  0.159757401213641E+001  0.436044774618941E+001
  0.100000000000000E+001  0.155591899226122E+003  0.936400331556003E+000  0.395335835306604E+001  0.469294851542944E+001
  0.100000000000000E+001  0.155582060025256E+003  0.947897359887874E+000  0.286997150374886E+001  0.397457841845169E+001
  0.100000000000000E+001  0.155569704400937E+003  0.901757916955604E+000  0.155698690592426E+001  0.550540579742369E+001
  0.100000000000000E+001  0.155565001434119E+003  0.775136429882541E+000  0.486329697196996E+001  0.593916351924625E+001
  0.100000000000000E+001  0.155561860527932E+003  0.107619120702488E+001  0.535848654715494E+000  0.497953658472244E+001
  0.100000000000000E+001  0.155553266997013E+003  0.754318547648052E+000  0.370383838971264E+001  0.553975494998214E+001
  0.100000000000000E+001  0.155550496786445E+003  0.106067721086053E+001  0.117881498685898E+001  0.539011985815455E+001
  0.100000000000000E+001  0.155548689323958E+003  0.906592802161452E+000  0.208168272896685E+001  0.400535975939360E+001
  0.100000000000000E+001  0.155543558128496E+003  0.676050247749314E+000  0.544266835203359E+001  0.539326483725983E+001
  0.100000000000000E+001  0.155533175966532E+003  0.992661808614871E+000  0.299212456511130E+001  0.527699851879570E+001
  0.100000000000000E+001  0.155529261934251E+003  0.679157026409350E+000  0.519427386329923E+001  0.531095925890179E+001
  0.100000000000000E+001  0.155525641888153E+003  0.103508513916503E+001  0.104276819131670E+001  0.432054183707401E+001
  0.100000000000000E+001  0.155519305531926E+003  0.835488864557779E+000  0.436905755072958E+001  0.596479085092519E+001
  0.100000000000000E+001  0.155505615598895E+003  0.942595043539987E+000  0.324023705905169E+001  0.581715959374134E+001
  0.100000000000000E+001  0.155482025019926E+003  0.884342933049265E+000  0.398846082723827E+001  0.401638831348302E+001
  0.100000000000000E+001  0.155476661225040E+003  0.100488224256204E+001  0.249465621156656E+001  0.439959325451974E+001
  0.100000000000000E+001  0.155471484718472E+003  0.810655050878526E+000  0.346145080637817E+001  0.591691552288024E+001
  0.100000000000000E+001  0.155452524944413E+003  0.868479809128558E+000  0.357009431579289E+001  0.602711871077492E+001
  0.100000000000000E+001  0.155446767060173E+003  0.741198915276018E+000  0.524136809161062E+001  0.579626077301803E+001
  0.100000000000000E+001  0.155444136704708E+003  0.103897119110972E+001  0.115790594956096E+001  0.435767628289351E+001
  0.100000000000000E+001  0.155442380044300E+003  0.676860098815256E+000  0.515174395361839E+001  0.502471083699406E+001
  0.100000000000000E+001  0.155439259449202E+003  0.105334697067031E+001  0.167471671960975E+001  0.510557241979022E+001
  0.100000000000000E+001  0.155436828550565E+003  0.972517013553782E+000  0.264984187790184E+001  0.579118281941860E+001
  0.100000000000000E+001  0.155435605526961E+003  0.962175302978283E+000  0.978819848506291E+000  0.543395323148222E+001
  0.100000000000000E+001  0.155424589805543E+003  0.106493348266082E+001  0.502637440952839E+000  0.506135879262986E+001
  0.100000000000000E+001  0.155421018935799E+003  0.677357497550614E+000  0.569469597110383E+001  0.454935702972214E+001
  0.100000000000000E+001  0.155415800301409E+003  0.787157015071000E+000  0.563657083295838E+001  0.451423871640606E+001
  0.100000000000000E+001  0.155405964532242E+003  0.933914588670024E+000  0.127824223544539E+001  0.444433357423509E+001
  0.100000000000000E+001  0.155404119841649E+003  0.830973256653222E+000  0.350923591687560E+001  0.598471752065542E+001
  0.100000000000000E+001  0.155400321321490E+003  0.708984370525345E+000  0.548458888471511E+001  0.427098698538000E+001
  0.100000000000000E+001  0.155380044901804E+003  0.918370248395809E+000  0.163591898104144E+001  0.424396109304431E+001
  0.100000000000000E+001  0.155374472713395E+003  0.810056232393966E+000  0.322671131567640E+001  0.578784354457239E+001
  0.100000000000000E+001  0.155359600911804E+003  0.856905550023297E+000  0.199712539787379E+001  0.478675277390182E+001
  0.100000000000000E+001  0.155351399265672E+003  0.766599445281162E+000  0.547081233552576E+001  0.566560595389029E+001
  0.100000000000000E+001  0.155343196295274E+003  0.853521463265954E+000  0.428197720015405E+001  0.399833522664805E+001
  0.100000000000000E+001  0.155340140419154E+003  0.667002080766753E+000  0.579856904408079E+001  0.509844481165927E+001
  0.100000000000000E+001  0.155337592625390E+003  0.102732484649302E+001  0.674489485963647E+000  0.452908834247550E+001
  0.100000000000000E+001  0.155336758296287E+003  0.700725077186648E+000  0.462548229432542E+001  0.479339464741926E+001
  0.100000000000000E+001  0.155335699407643E+003  0.778871094520045E+000  0.569229556967564E+001  0.452890531675292E+001
  0.100000000000000E+001  0.155329708930938E+003  0.827857615267295E+000  0.399822679268355E+001  0.387541766489641E+001
  0.100000000000000E+001  0.155327577297250E+003  0.744157024377565E+000  0.372293495090361E+001  0.482955784053378E+001
  0.100000000000000E+001  0.155320173395359E+003  0.104893418066201E+001  0.556157548551653E+000  0.471596304194951E+001
  0.100000000000000E+001  0.155308639795316E+003  0.693377408234874E+000  0.576451981665049E+001  0.546091383541683E+001
  0.100000000000000E+001  0.155281924418197E+003  0.103540391788362E+001  0.165509810970593E+001  0.544479415462448E+001
  0.100000000000000E+001  0.155256861532380E+003  0.106281448569342E+001  0.826332778351357E+000  0.510213951340196E+001
  0.100000000000000E+001  0.155253686352662E+003  0.973765031578344E+000  0.100750607215916E+001  0.545355776812312E+001
  0.100000000000000E+001  0.155246690959254E+003  0.834489090661938E+000  0.329691493377507E+001  0.393847209307764E+001
  0.100000000000000E+001  0.155236354343243E+003  0.878955771981285E+000  0.413256356566275E+001  0.575681310073790E+001
  0.100000000000000E+001  0.155227691875549E+003  0.705605757152440E+000  0.611548614594804E+001  0.525690345275690E+001
  0.100000000000000E+001  0.155215742683684E+003  0.770141830514506E+000  0.586355751913243E+001  0.491991632503348E+001
  0.100000000000000E+001  0.155184119637146E+003  0.791180821109141E+000  0.519991086819512E+001  0.565468664858855E+001
  0.100000000000000E+001  0.155182294510301E+003  0.889060950087635E+000  0.204541910612471E+001  0.564508143354802E+001
  0.100000000000000E+001  0.155174490919298E+003  0.105140491565124E+001  0.119864425758531E+001  0.462882532615382E+001
  0.100000000000000E+001  0.155154856117790E+003  0.105234310298456E+001  0.661158778699260E+000  0.505430148757049E+001
  0.100000000000000E+001  0.155148412947645E+003  0.719220126218363E+000  0.439677674839652E+001  0.462188955756597E+001
  0.100000000000000E+001  0.155138455440255E+003  0.104956214529587E+001  0.134671739815103E+001  0.521786469959110E+001
  0.100000000000000E+001  0.155120187519559E+003  0.927993728421139E+000  0.370194383782038E+001  0.434864192086272E+001
  0.100000000000000E+001  0.155115505064425E+003  0.103373595293097E+001  0.168689495914900E+001  0.535355659558330E+001
  0.100000000000000E+001  0.155098864554165E+003  0.686920912474148E+000  0.545767452427275E+001  0.525718048827002E+001
  0.100000000000000E+001  0.155098077482357E+003  0.798956145807655E+000  0.375399676028746E+001  0.580541796658034E+001
  0.100000000000000E+001  0.155090456239864E+003  0.676313935492872E+000  0.572985520820841E+001  0.496589378124094E+001
  0.100000000000000E+001  0.155082655438811E+003  0.794279854172038E+000  0.404825284455252E+001  0.583333855786540E+001
  0.100000000000000E+001  0.155068674652092E+003  0.949401769482240E+000  0.246529172766408E+001  0.400187378739981E+001
  0.100000000000000E+001  0.155062157750746E+003  0.102577975922532E+001  0.174551893235103E+001  0.541556247051098E+001
  0.100000000000000E+001  0.155050811798825E+003  0.692741258491231E+000  0.608210563921727E+001  0.502715566147978E+001
  0.100000000000000E+001  0.155045080344884E+003  0.848668168256231E+000  0.419778357791085E+001  0.581355280639040E+001
  0.100000000000000E+001  0.155044204668674E+003  0.790622762527470E+000  0.307397402430892E+001  0.469401595895473E+001
  0.100000000000000E+001  0.155019635000165E+003  0.875090076278211E+000  0.244035251272784E+001  0.410342564436784E+001
  0.100000000000000E+001  0.155013425932183E+003  0.102069528305863E+001  0.857036624468037E+000  0.454261055844448E+001
  0.100000000000000E+001  0.155002731299655E+003  0.922800859376980E+000  0.203707821717634E+001  0.407101744652263E+001
  0.100000000000000E+001  0.154998812413490E+003  0.885059130864804E+000  0.212697260689991E+001  0.559067071243575E+001
  0.100000000000000E+001  0.154995373335946E+003  0.854581390952572E+000  0.236156100446861E+001  0.546688041940326E+001
  0.100000000000000E+001  0.154991632314026E+003  0.875070782260353E+000  0.222812277132046E+001  0.557518517662400E+001
  0.100000000000000E+001  0.154980881513186E+003  0.103863024217171E+001  0.172549706003943E+001  0.479776948543384E+001
  0.100000000000000E+001  0.154977396796562E+003  0.710328854667046E+000  0.492714050873285E+001  0.447530112742934E+001
  0.100000000000000E+001  0.154974086448136E+003  0.904296821053909E+000  0.161667772564486E+001  0.524381657301939E+001
  0.100000000000000E+001  0.154968849205608E+003  0.852437285130691E+000  0.229247848883747E+001  0.451161066391688E+001
  0.100000000000000E+001  0.154959194265556E+003  0.727331780982962E+000  0.560897745902267E+001  0.545673343399629E+001
  0.100000000000000E+001  0.154949218387708E+003  0.101724405191569E+001  0.151964895787998E+001  0.548152168120009E+001
  0.100000000000000E+001  0.154934220194701E+003  0.965279393122348E+000  0.191630004717433E+001  0.571179372863585E+001
  0.100000000000000E+001  0.154911084076512E+003  0.962995753788257E+000  0.306397945911039E+001  0.438200881860805E+001
  0.100000000000000E+001  0.154906551583156E+003  0.953307167071493E+000  0.191305798859042E+001  0.408650338483803E+001
  0.100000000000000E+001  0.154895642374175E+003  0.972126600803933E+000  0.105305137997328E+001  0.525820112111595E+001
  0.100000000000000E+001  0.154890253554805E+003  0.796123902870133E+000  0.542074291708279E+001  0.458432900873541E+001
  0.100000000000000E+001  0.154880762814872E+003  0.945441244284886E+000  0.318805494010935E+001  0.424475903307989E+001
  0.100000000000000E+001  0.154879547575889E+003  0.760424024278068E+000  0.543734259915065E+001  0.548581515186892E+001
  0.100000000000000E+001  0.154867557817266E+003  0.963871940138875E+000  0.112554224134107E+001  0.525856158250250E+001
  0.100000000000000E+001  0.154860574471121E+003  0.943045030178528E+000  0.140011306151010E+001  0.442658696599187E+001
  0.100000000000000E+001  0.154849981919223E+003  0.722227635876008E+000  0.528242582738443E+001  0.546557967585370E+001
  0.100000000000000E+001  0.154844931304145E+003  0.102069654211076E+001  0.146326951959715E+001  0.539816694395504E+001
  0.100000000000000E+001  0.154830604085000E+003  0.724931878522689E+000  0.556230860285699E+001  0.441012630992465E+001
  0.100000000000000E+001  0.154821851109975E+003  0.825412089841752E+000  0.518825626120260E+001  0.484121375068970E+001
  0.100000000000000E+001  0.154819988241478E+003  0.100473218227747E+001  0.180429510825802E+001  0.430981790211060E+001
  0.100000000000000E+001  0.154810591085117E+003  0.700776520426867E+000  0.538267177928788E+001  0.523885713175485E+001
  0.100000000000000E+001  0.154795968168758E+003  0.790691372056187E+000  0.346962812642437E+001  0.549448153461773E+001
  0.100000000000000E+001  0.154750725510186E+003  0.101391853472584E+001  0.212647859091206E+001  0.518151373284079E+001
  0.100000000000000E+001  0.154748513596814E+003  0.695235342467714E+000  0.548933095930916E+001  0.473622103182241E+001
  0.100000000000000E+001  0.154738677439143E+003  0.908819734639329E+000  0.275925670528730E+001  0.397732232234525E+001
  0.100000000000000E+001  0.154737380367459E+003  0.925515660330801E+000  0.142289213575302E+001  0.476378218913846E+001
  0.100000000000000E+001  0.154729237684286E+003  0.821453060381640E+000  0.457613453564552E+001  0.565406367635149E+001
  0.100000000000000E+001  0.154728884966203E+003  0.754505991582381E+000  0.569451042687984E+001  0.463044844199432E+001
  0.100000000000000E+001  0.154710174126875E+003  0.760054215289275E+000  0.422362307808729E+001  0.425198100196154E+001
  0.100000000000000E+001  0.154703057987476E+003  0.802636977984965E+000  0.529879282886824E+001  0.519940499878077E+001
  0.100000000000000E+001  0.154702071707702E+003  0.948529721006007E+000  0.133341626306007E+001  0.453150358013722E+001
  0.100000000000000E+001  0.154701645003175E+003  0.751330694745296E+000  0.474112248469845E+001  0.420687327288679E+001
  0.100000000000000E+001  0.154690444491176E+003  0.101753309803217E+001  0.866342564009344E+000  0.490240459628992E+001
  0.100000000000000E+001  0.154689188011596E+003  0.826844928530012E+000  0.299330305750841E+001  0.552021829397158E+001
  0.100000000000000E+001  0.154684886540061E+003  0.867005592634009E+000  0.261476520346200E+001  0.562071945683408E+001
  0.100000000000000E+001  0.154683463425379E+003  0.103012390671108E+001  0.125560464831433E+001  0.517248398003835E+001
  0.100000000000000E+001  0.154683436338291E+003  0.790100268328254E+000  0.329334547521312E+001  0.454278987381298E+001
  0.100000000000000E+001  0.154675176333526E+003  0.781988848133992E+000  0.406736619490593E+001  0.562626257340762E+001
  0.100000000000000E+001  0.154672702129175E+003  0.952029323671809E+000  0.119421515747975E+001  0.486962599647383E+001
  0.100000000000000E+001  0.154668573727300E+003  0.846325649455001E+000  0.488845025042872E+001  0.476622618855946E+001
  0.100000000000000E+001  0.154663640741466E+003  0.100919289702938E+001  0.224823498779898E+001  0.508320004889944E+001
  0.100000000000000E+001  0.154663261518249E+003  0.835115634873462E+000  0.271813159363568E+001  0.439936499987722E+001
  0.100000000000000E+001  0.154657185739965E+003  0.853639424727116E+000  0.470447173477548E+001  0.525436997239223E+001
  0.100000000000000E+001  0.154654463941183E+003  0.999149353243814E+000  0.120652831929762E+001  0.445129637320947E+001
  0.100000000000000E+001  0.154653100583364E+003  0.844745234981838E+000  0.386519225299318E+001  0.575443547359584E+001
  0.100000000000000E+001  0.154652307235457E+003  0.867141625804944E+000  0.395276686507933E+001  0.567894522738466E+001
  0.100000000000000E+001  0.154641464780959E+003  0.868723212893212E+000  0.455683931436191E+001  0.517504843132574E+001
  0.100000000000000E+001  0.154633673719373E+003  0.773910772545486E+000  0.396965788842517E+001  0.551592022996119E+001
  0.100000000000000E+001  0.154633343086942E+003  0.972189555306932E+000  0.119296183017023E+001  0.454147812691726E+001
  0.100000000000000E+001  0.154632328782583E+003  0.926804427427544E+000  0.228848181051397E+001  0.567948573417426E+001
  0.100000000000000E+001  0.154618231972219E+003  0.101400944664340E+001  0.105976751008892E+001  0.461305695490537E+001
  0.100000000000000E+001  0.154613777112178E+003  0.861605284233995E+000  0.227734655609700E+001  0.523795521557313E+001
  0.100000000000000E+001  0.154601470063668E+003  0.819076597428411E+000  0.513779168840587E+001  0.468212016651499E+001
  0.100000000000000E+001  0.154601242751969E+003  0.925467317186385E+000  0.180392088121219E+001  0.429127825191040E+001
  0.100000000000000E+001  0.154597580581580E+003  0.857032576547050E+000  0.456075194943776E+001  0.535053326212139E+001
  0.100000000000000E+001  0.154584007085743E+003  0.934173105863080E+000  0.143938325380748E+001  0.464405002918955E+001
  0.100000000000000E+001  0.154580129634123E+003  0.743871151075383E+000  0.409208946183396E+001  0.502458434460444E+001
  0.100000000000000E+001  0.154570891388796E+003  0.740777826713851E+000  0.417463324887196E+001  0.505237549228732E+001
  0.100000000000000E+001  0.154540482543593E+003  0.734925681956695E+000  0.560034859799944E+001  0.456289817194739E+001
  0.100000000000000E+001  0.154537391465143E+003  0.739716975350846E+000  0.453129940438856E+001  0.533679952167095E+001
  0.100000000000000E+001  0.154536443734842E+003  0.956015774076606E+000  0.127214337748919E+001  0.510703412852285E+001
  0.100000000000000E+001  0.154527833806820E+003  0.843412150988361E+000  0.419005959613493E+001  0.408518345957082E+001
  0.100000000000000E+001  0.154525068812384E+003  0.771135386357777E+000  0.548051662496786E+001  0.459990926854590E+001
  0.100000000000000E+001  0.154516762871694E+003  0.857262834029572E+000  0.285760112311853E+001  0.412321279848182E+001
  0.100000000000000E+001  0.154515567607100E+003  0.954255797294642E+000  0.329865821674589E+001  0.500622056171085E+001
  0.100000000000000E+001  0.154515045895501E+003  0.967396976628438E+000  0.252012498127640E+001  0.548940453541944E+001
  0.100000000000000E+001  0.154511411438329E+003  0.723540578159793E+000  0.466596992796848E+001  0.467339549623169E+001
  0.100000000000000E+001  0.154502147400568E+003  0.990587689504749E+000  0.210071133288706E+001  0.539633225722418E+001
  0.100000000000000E+001  0.154495811565020E+003  0.102035120229316E+001  0.180376265519008E+001  0.500310829836392E+001
  0.100000000000000E+001  0.154492804849329E+003  0.858744180052850E+000  0.429846239081877E+001  0.549769754563554E+001
  0.100000000000000E+001  0.154484670192860E+003  0.950920215728391E+000  0.178327191704091E+001  0.423974229681292E+001
  0.100000000000000E+001  0.154479641271483E+003  0.801418532073929E+000  0.524488590705838E+001  0.464346313731131E+001
  0.100000000000000E+001  0.154469886514829E+003  0.826001459082264E+000  0.504208317684163E+001  0.496923206352795E+001
  0.100000000000000E+001  0.154467790760203E+003  0.960468403860194E+000  0.281687443793129E+001  0.540837771463715E+001
  0.100000000000000E+001  0.154467775984779E+003  0.952780275436772E+000  0.218481490165986E+001  0.557808785343873E+001
  0.100000000000000E+001  0.154465853020348E+003  0.763850053885077E+000  0.458207925391862E+001  0.421201276621013E+001
  0.100000000000000E+001  0.154464370641564E+003  0.100129224176144E+001  0.204140194595924E+001  0.447854952288507E+001
  0.100000000000000E+001  0.154453049740369E+003  0.756896335066541E+000  0.431674250086287E+001  0.433208348818392E+001
  0.100000000000000E+001  0.154432653675720E+003  0.803307192293542E+000  0.409202317674182E+001  0.562623185506667E+001
  0.100000000000000E+001  0.154422263570960E+003  0.952397489608222E+000  0.322574308797495E+001  0.460027831230516E+001
  0.100000000000000E+001  0.154419011984674E+003  0.836354468171912E+000  0.444469863162853E+001  0.552147067177446E+001
  0.100000000000000E+001  0.154418629573658E+003  0.100255014443096E+001  0.141884945828748E+001  0.525795873650480E+001
  0.100000000000000E+001  0.154416994720542E+003  0.950872014002640E+000  0.327943043998349E+001  0.508519062204197E+001
  0.100000000000000E+001  0.154411161286466E+003  0.952787582759862E+000  0.299658423926063E+001  0.436549939700364E+001
  0.100000000000000E+001  0.154408468116394E+003  0.834989052089607E+000  0.263313159580335E+001  0.472082122197649E+001
  0.100000000000000E+001  0.154397475407753E+003  0.949447179769360E+000  0.138550395980536E+001  0.508437662781830E+001
  0.100000000000000E+001  0.154377261108258E+003  0.100030669363198E+001  0.230754963352184E+001  0.487710769047729E+001
  0.100000000000000E+001  0.154375892539616E+003  0.942129641412359E+000  0.343283016247995E+001  0.471981839653448E+001
  0.100000000000000E+001  0.154371763079053E+003  0.970879574424297E+000  0.260915977863057E+001  0.534316122364819E+001
  0.100000000000000E+001  0.154370257440805E+003  0.101980540296209E+001  0.125324179763939E+001  0.487303311951956E+001
  0.100000000000000E+001  0.154353079023162E+003  0.991254978663728E+000  0.123199392722157E+001  0.512030299488024E+001
  0.100000000000000E+001  0.154337980690676E+003  0.749526718865605E+000  0.543386911423688E+001  0.517641524231479E+001
  0.100000000000000E+001  0.154337354343285E+003  0.941277215995326E+000  0.335040711406884E+001  0.455165593195112E+001
  0.100000000000000E+001  0.154334126194995E+003  0.101320517676209E+001  0.137122472603723E+001  0.507646284601435E+001
  0.100000000000000E+001  0.154319423141767E+003  0.849153121789276E+000  0.245690332050938E+001  0.490069407891062E+001
  0.100000000000000E+001  0.154313131957853E+003  0.816268646614516E+000  0.427544498109529E+001  0.558365444580642E+001
  0.100000000000000E+001  0.154304392780867E+003  0.769395673838227E+000  0.473792043109310E+001  0.545841770853540E+001
  0.100000000000000E+001  0.154302700007801E+003  0.751986608527087E+000  0.541232209518155E+001  0.455443346862858E+001
  0.100000000000000E+001  0.154277955864265E+003  0.806423912509676E+000  0.512065184880326E+001  0.505838878232129E+001
  0.100000000000000E+001  0.154274752545520E+003  0.772897053691922E+000  0.523258445738051E+001  0.446650432722174E+001
  0.100000000000000E+001  0.154274235541038E+003  0.825588849518626E+000  0.418596788354374E+001  0.557866122611105E+001
  0.100000000000000E+001  0.154274023983462E+003  0.804847970346000E+000  0.454386801305242E+001  0.417363888327689E+001
  0.100000000000000E+001  0.154268848791965E+003  0.907400954745450E+000  0.204776481282028E+001  0.434747648718220E+001
  0.100000000000000E+001  0.154262872829996E+003  0.865839985737778E+000  0.320077385155587E+001  0.562180560160576E+001
  0.100000000000000E+001  0.154260664177765E+003  0.829124418861167E+000  0.484132971776513E+001  0.515580426633371E+001
  0.100000000000000E+001  0.154248438219263E+003  0.973586519695810E+000  0.264437671831413E+001  0.519683390592885E+001
  0.100000000000000E+001  0.154234752161185E+003  0.973896340618996E+000  0.210614625273362E+001  0.538577196600103E+001
  0.100000000000000E+001  0.154234542637391E+003  0.864382056698220E+000  0.438516116471459E+001  0.448496178771896E+001
  0.100000000000000E+001  0.154233757562745E+003  0.819019592406649E+000  0.495136515455296E+001  0.511655131202210E+001
  0.100000000000000E+001  0.154226484672180E+003  0.828645889084747E+000  0.280968220452263E+001  0.502669322696694E+001
  0.100000000000000E+001  0.154221063705003E+003  0.954147140320536E+000  0.285216852228420E+001  0.436355576908503E+001
  0.100000000000000E+001  0.154197291950089E+003  0.737464565186368E+000  0.495554370772213E+001  0.520088468075975E+001
  0.100000000000000E+001  0.154177670069548E+003  0.957554881491585E+000  0.148195205829482E+001  0.457939677730143E+001
  0.100000000000000E+001  0.154166333503129E+003  0.942003690502919E+000  0.331600575242733E+001  0.503537584447233E+001
  0.100000000000000E+001  0.154157527108372E+003  0.904885159993254E+000  0.225599206497543E+001  0.425751921353260E+001
  0.100000000000000E+001  0.154150306186040E+003  0.883707272220257E+000  0.348040388717082E+001  0.410790461090455E+001
  0.100000000000000E+001  0.154148719794446E+003  0.870514660614405E+000  0.241153457648674E+001  0.444535789759633E+001
  0.100000000000000E+001  0.154142164334893E+003  0.868166501001582E+000  0.436538710377843E+001  0.509531359639555E+001
  0.100000000000000E+001  0.154139632549208E+003  0.913127668637122E+000  0.180729937884168E+001  0.468776404262438E+001
  0.100000000000000E+001  0.154134308906597E+003  0.998402156513063E+000  0.132464701851463E+001  0.482405916708898E+001
  0.100000000000000E+001  0.154119934783932E+003  0.838756398613352E+000  0.306642610058928E+001  0.540311589804250E+001
  0.100000000000000E+001  0.154119616237683E+003  0.913925961887001E+000  0.244453913861260E+001  0.549543315006967E+001
  0.100000000000000E+001  0.154113307928275E+003  0.749995605225076E+000  0.511508169215742E+001  0.447396249735156E+001
  0.100000000000000E+001  0.154111652987222E+003  0.807042394915943E+000  0.389955442024043E+001  0.548763928031213E+001
  0.100000000000000E+001  0.154108222171441E+003  0.772645766232469E+000  0.509259387422252E+001  0.523590086423998E+001
  0.100000000000000E+001  0.154101461249527E+003  0.927791434206636E+000  0.168339552830687E+001  0.498155446420699E+001
  0.100000000000000E+001  0.154097315060044E+003  0.903245171727364E+000  0.213933570399455E+001  0.437402126340760E+001
  0.100000000000000E+001  0.154088093140647E+003  0.958582584071950E+000  0.285736049825550E+001  0.517078817664557E+001
  0.100000000000000E+001  0.154074213401084E+003  0.785885097483579E+000  0.503017402232928E+001  0.521802590055651E+001
  0.100000000000000E+001  0.154068996404340E+003  0.100104474937516E+001  0.151985209023908E+001  0.471225996349101E+001
  0.100000000000000E+001  0.154068486617574E+003  0.997920221264974E+000  0.147420674294743E+001  0.469462342089581E+001
  0.100000000000000E+001  0.154065035029048E+003  0.919772632594475E+000  0.344490906442256E+001  0.439812671026579E+001
  0.100000000000000E+001  0.154061996057814E+003  0.741302920309148E+000  0.526209542426311E+001  0.464236555359892E+001
  0.100000000000000E+001  0.154055427928451E+003  0.952186736045821E+000  0.244485086803741E+001  0.539138067951903E+001
  0.100000000000000E+001  0.154048677589611E+003  0.775632436417333E+000  0.517842214315365E+001  0.510265502901177E+001
  0.100000000000000E+001  0.154046562596222E+003  0.755057939589412E+000  0.509664903497610E+001  0.448512922978933E+001
  0.100000000000000E+001  0.154036782449238E+003  0.992678045995337E+000  0.155582547717178E+001  0.505353372466636E+001
  0.100000000000000E+001  0.154017944160776E+003  0.901941865041347E+000  0.281812299775625E+001  0.550749780930903E+001
  0.100000000000000E+001  0.154013614005359E+003  0.824093965346638E+000  0.484828196876310E+001  0.496465230584979E+001
  0.100000000000000E+001  0.154008051944520E+003  0.796775501344551E+000  0.345019745586043E+001  0.460282445358603E+001
  0.100000000000000E+001  0.154000958007864E+003  0.891413479116371E+000  0.394453447629978E+001  0.450808057650731E+001
  0.100000000000000E+001  0.153999548923083E+003  0.878632055307672E+000  0.231222069301060E+001  0.453726127190265E+001
  0.100000000000000E+001  0.153998200256679E+003  0.863360278865297E+000  0.441413983450791E+001  0.475131422592762E+001
  0.100000000000000E+001  0.153993067734775E+003  0.993790535603309E+000  0.147904908342714E+001  0.487942516855237E+001
  0.100000000000000E+001  0.153982382776207E+003  0.746848289350976E+000  0.459689869689424E+001  0.505886967661924E+001
  0.100000000000000E+001  0.153978771574750E+003  0.899280151753346E+000  0.336198528401164E+001  0.419253794275853E+001
  0.100000000000000E+001  0.153974581117621E+003  0.975163345333136E+000  0.258837633834321E+001  0.479053605990642E+001
  0.100000000000000E+001  0.153970594534311E+003  0.931388499805326E+000  0.170471729785737E+001  0.489928769594217E+001
  0.100000000000000E+001  0.153965097567748E+003  0.823688214697749E+000  0.381140911450703E+001  0.547280506718481E+001
  0.100000000000000E+001  0.153960239777029E+003  0.892977816086419E+000  0.387591788502806E+001  0.517660764958498E+001
  0.100000000000000E+001  0.153938899562178E+003  0.838653262765703E+000  0.277093089342347E+001  0.481894441085883E+001
  0.100000000000000E+001  0.153937323074300E+003  0.785544293955985E+000  0.427462597563148E+001  0.428394057459054E+001
  0.100000000000000E+001  0.153934766581307E+003  0.961317887783044E+000  0.154326630744680E+001  0.494658695119287E+001
  0.100000000000000E+001  0.153930226710662E+003  0.944088701915604E+000  0.175473250725385E+001  0.451728037368784E+001
  0.100000000000000E+001  0.153925924207581E+003  0.782648365383684E+000  0.370954785063087E+001  0.494780020229154E+001
  0.100000000000000E+001  0.153922336240620E+003  0.972605076315224E+000  0.150129878532172E+001  0.489162907206514E+001
  0.100000000000000E+001  0.153918218463231E+003  0.808484698566968E+000  0.377762747543304E+001  0.537923228723991E+001
  0.100000000000000E+001  0.153902624252544E+003  0.966498499850295E+000  0.161634228630055E+001  0.504765701202003E+001
  0.100000000000000E+001  0.153902073524624E+003  0.817630611382845E+000  0.320602687318880E+001  0.511423605824069E+001
  0.100000000000000E+001  0.153898196149771E+003  0.887672275279393E+000  0.364810959681145E+001  0.536343235998620E+001
  0.100000000000000E+001  0.153896041254710E+003  0.810403962510150E+000  0.425350443384754E+001  0.540459061911427E+001
  0.100000000000000E+001  0.153865981339791E+003  0.917420679878870E+000  0.198545110797654E+001  0.511204509605048E+001
  0.100000000000000E+001  0.153823107283958E+003  0.809404781542682E+000  0.343336065791588E+001  0.515008516366784E+001
  0.100000000000000E+001  0.153822886935974E+003  0.981620774956212E+000  0.224375562190320E+001  0.473777616976491E+001
  0.100000000000000E+001  0.153817688731371E+003  0.816519978033977E+000  0.429163892688265E+001  0.424932283508293E+001
  0.100000000000000E+001  0.153802750279498E+003  0.827175412822224E+000  0.469717334362944E+001  0.465171428597475E+001
  0.100000000000000E+001  0.153801992632775E+003  0.901050951894848E+000  0.249679152056780E+001  0.533452848974480E+001
  0.100000000000000E+001  0.153789402990532E+003  0.861885920242193E+000  0.312061790326720E+001  0.539941160587693E+001
  0.100000000000000E+001  0.153783706390795E+003  0.936545494928180E+000  0.178631704728119E+001  0.469501311171706E+001
  0.100000000000000E+001  0.153779484803344E+003  0.941486315945760E+000  0.301352468779805E+001  0.509517416972973E+001
  0.100000000000000E+001  0.153770665601029E+003  0.920558766399748E+000  0.313153073851539E+001  0.527837482991005E+001
  0.100000000000000E+001  0.153768679595962E+003  0.824110381425498E+000  0.473744442637144E+001  0.484763222415438E+001
  0.100000000000000E+001  0.153764455063505E+003  0.875414406794234E+000  0.353784289976164E+001  0.539636614244106E+001
  0.100000000000000E+001  0.153760694878130E+003  0.842967236229799E+000  0.369605901854639E+001  0.541254213504068E+001
  0.100000000000000E+001  0.153760363906011E+003  0.924801979860105E+000  0.334934051586224E+001  0.457463985921004E+001
  0.100000000000000E+001  0.153756716107951E+003  0.786976035521732E+000  0.489594996606034E+001  0.453383526662791E+001
  0.100000000000000E+001  0.153736396226128E+003  0.909447518451056E+000  0.266994375573307E+001  0.423114806678670E+001
  0.100000000000000E+001  0.153720695026064E+003  0.888666207841392E+000  0.392760370537773E+001  0.466292703635692E+001
  0.100000000000000E+001  0.153719931153452E+003  0.932510414597279E+000  0.318213109532546E+001  0.456710982415376E+001
  0.100000000000000E+001  0.153717951214013E+003  0.794338820704703E+000  0.469341343041209E+001  0.442607722499085E+001
  0.100000000000000E+001  0.153703861947777E+003  0.886870845630210E+000  0.391615728168627E+001  0.459767393496100E+001
  0.100000000000000E+001  0.153698321094457E+003  0.883578828351843E+000  0.396038373559404E+001  0.500332171483449E+001
  0.100000000000000E+001  0.153695841393345E+003  0.797268489114180E+000  0.487244909163537E+001  0.497267604707717E+001
  0.100000000000000E+001  0.153687337692780E+003  0.929571873938782E+000  0.263467005695188E+001  0.429394934505428E+001
  0.100000000000000E+001  0.153686030549778E+003  0.945709179164857E+000  0.177819317010406E+001  0.482405874656827E+001
  0.100000000000000E+001  0.153676728757283E+003  0.797703329211950E+000  0.368372217847831E+001  0.453880252802693E+001
  0.100000000000000E+001  0.153676665227825E+003  0.887410778753909E+000  0.343871273998798E+001  0.533242319032182E+001
  0.100000000000000E+001  0.153652580473215E+003  0.765769761175427E+000  0.496907645613197E+001  0.481676098934271E+001
  0.100000000000000E+001  0.153652126983976E+003  0.867507277449360E+000  0.325763341253209E+001  0.420412859998718E+001
  0.100000000000000E+001  0.153649647420527E+003  0.927836295374648E+000  0.262031900174404E+001  0.528011228935395E+001
  0.100000000000000E+001  0.153639888536469E+003  0.812672733162633E+000  0.376043276025882E+001  0.432742885589694E+001
  0.100000000000000E+001  0.153628576211454E+003  0.804567124774213E+000  0.451427062091742E+001  0.518906921267652E+001
  0.100000000000000E+001  0.153597750916118E+003  0.768033496262554E+000  0.490009122906883E+001  0.476958283697546E+001
  0.100000000000000E+001  0.153595190381124E+003  0.947770786237036E+000  0.247764626465771E+001  0.443195120110255E+001
  0.100000000000000E+001  0.153590688270912E+003  0.862314718825693E+000  0.274320185133151E+001  0.450634260785158E+001
  0.100000000000000E+001  0.153587324376718E+003  0.841863071778862E+000  0.338184517868488E+001  0.528606776677405E+001
  0.100000000000000E+001  0.153583155324959E+003  0.933300146213348E+000  0.212976466449932E+001  0.446617828468080E+001
  0.100000000000000E+001  0.153573707088999E+003  0.827352408635567E+000  0.356448665356487E+001  0.525236492350171E+001
  0.100000000000000E+001  0.153568179651322E+003  0.965775289288978E+000  0.235042326093094E+001  0.470312056867237E+001
  0.100000000000000E+001  0.153567707314735E+003  0.908113336851134E+000  0.297392461193280E+001  0.428046613425766E+001
  0.100000000000000E+001  0.153561511638183E+003  0.795233133543154E+000  0.482119573683362E+001  0.485706902589519E+001
  0.100000000000000E+001  0.153544285543472E+003  0.874307815635963E+000  0.334477473334493E+001  0.423803808802611E+001
  0.100000000000000E+001  0.153537716889846E+003  0.888661532816716E+000  0.239195111195032E+001  0.495601671051799E+001
  0.100000000000000E+001  0.153529485555249E+003  0.940708386875481E+000  0.213638379081807E+001  0.449083969918900E+001
  0.100000000000000E+001  0.153526285530078E+003  0.946056575164757E+000  0.251096950743973E+001  0.446375772977891E+001
  0.100000000000000E+001  0.153508254200139E+003  0.951152802646069E+000  0.260232352950959E+001  0.498025504678144E+001
  0.100000000000000E+001  0.153506409047113E+003  0.873434272398075E+000  0.319503361775620E+001  0.529802217624580E+001
  0.100000000000000E+001  0.153505896948138E+003  0.789448110858517E+000  0.402494506556887E+001  0.502478689400823E+001
  0.100000000000000E+001  0.153492753980935E+003  0.939592153818059E+000  0.211938146975253E+001  0.503431956338712E+001
  0.100000000000000E+001  0.153492367249509E+003  0.863493510186627E+000  0.371898045196841E+001  0.525041727473044E+001
  0.100000000000000E+001  0.153484018192875E+003  0.955279419442744E+000  0.255549598326755E+001  0.485993400043918E+001
  0.100000000000000E+001  0.153481102094645E+003  0.846789619247393E+000  0.410514865498328E+001  0.440568332557630E+001
  0.100000000000000E+001  0.153471565474434E+003  0.815842547977798E+000  0.380923691544533E+001  0.518612830798799E+001
  0.100000000000000E+001  0.153465228561663E+003  0.788572904076959E+000  0.465214508067245E+001  0.497997568094338E+001
  0.100000000000000E+001  0.153461941169313E+003  0.808083823327277E+000  0.354822043841178E+001  0.472164640416837E+001
  0.100000000000000E+001  0.153460529879630E+003  0.918502987525081E+000  0.309055068422224E+001  0.443654465146714E+001
  0.100000000000000E+001  0.153458718677963E+003  0.889921641175668E+000  0.282206394517677E+001  0.431819297679476E+001
  0.100000000000000E+001  0.153456341192499E+003  0.871321980102848E+000  0.401645152765423E+001  0.468400267422072E+001
  0.100000000000000E+001  0.153445976696067E+003  0.954601193105724E+000  0.210579115261960E+001  0.464029114375341E+001
  0.100000000000000E+001  0.153437057527947E+003  0.795969915002929E+000  0.444729278865898E+001  0.448244160229845E+001
  0.100000000000000E+001  0.153428480884772E+003  0.778475492057267E+000  0.435141910346471E+001  0.489234297230060E+001
  0.100000000000000E+001  0.153402843251418E+003  0.825683201122632E+000  0.331202360462345E+001  0.464399870704968E+001
  0.100000000000000E+001  0.153394135250424E+003  0.823124250392195E+000  0.339835142645846E+001  0.496493315108553E+001
  0.100000000000000E+001  0.153392144267516E+003  0.890296360738206E+000  0.330609475184183E+001  0.519774913253789E+001
  0.100000000000000E+001  0.153387881233687E+003  0.867446825419670E+000  0.355106542665334E+001  0.522128867806612E+001
  0.100000000000000E+001  0.153371079480696E+003  0.837448402421071E+000  0.429702261046913E+001  0.458113451232558E+001
  0.100000000000000E+001  0.153312544953266E+003  0.877257247738383E+000  0.263283696346357E+001  0.474007399253953E+001
  0.100000000000000E+001  0.153300057556221E+003  0.811086257037862E+000  0.448335649778510E+001  0.486396957200829E+001
  0.100000000000000E+001  0.153287955023320E+003  0.932268189479232E+000  0.227653805157267E+001  0.490260708315690E+001
  0.100000000000000E+001  0.153269056305188E+003  0.814625348218461E+000  0.398268541295238E+001  0.506171734004097E+001
  0.100000000000000E+001  0.153262492499742E+003  0.824178125969363E+000  0.437704541960544E+001  0.482329468409841E+001
  0.100000000000000E+001  0.153257945059144E+003  0.851827663477488E+000  0.368557354228686E+001  0.436846037036050E+001
  0.100000000000000E+001  0.153254455409016E+003  0.791932126751386E+000  0.424385815554359E+001  0.471734506413956E+001
  0.100000000000000E+001  0.153246992536319E+003  0.863832188404034E+000  0.397384386093296E+001  0.477789314976694E+001
  0.100000000000000E+001  0.153241529679468E+003  0.875702086609913E+000  0.381628879394867E+001  0.479311603628417E+001
  0.100000000000000E+001  0.153233675911944E+003  0.890062515997381E+000  0.312335203023601E+001  0.512566125529447E+001
  0.100000000000000E+001  0.153223571682667E+003  0.900783656031731E+000  0.272749881634847E+001  0.505914089284906E+001
  0.100000000000000E+001  0.153202736967845E+003  0.886632011712554E+000  0.342849521600878E+001  0.504085073025680E+001
  0.100000000000000E+001  0.153201357518783E+003  0.900922652753601E+000  0.337722545664381E+001  0.463914070382767E+001
  0.100000000000000E+001  0.153193704906244E+003  0.897364760875236E+000  0.254108252777559E+001  0.466412791061930E+001
  0.100000000000000E+001  0.153161350592958E+003  0.805914256491531E+000  0.429699221453606E+001  0.480013274980854E+001
  0.100000000000000E+001  0.153158260959025E+003  0.880801352866666E+000  0.301349081599787E+001  0.506030409959891E+001
  0.100000000000000E+001  0.153154256800093E+003  0.871151946598465E+000  0.335999183260427E+001  0.508874457553056E+001
  0.100000000000000E+001  0.153129082503786E+003  0.836614708046802E+000  0.343186900071431E+001  0.492019883755333E+001
  0.100000000000000E+001  0.153124829398592E+003  0.859040255725831E+000  0.391724187211794E+001  0.469904874261164E+001
  0.100000000000000E+001  0.153122273368046E+003  0.907211152558920E+000  0.274714666219907E+001  0.497111661331268E+001
  0.100000000000000E+001  0.153109358483712E+003  0.867504008711478E+000  0.368913293314209E+001  0.453481444908241E+001
  0.100000000000000E+001  0.153100090412357E+003  0.924255104711778E+000  0.262032706535466E+001  0.473837768956145E+001
  0.100000000000000E+001  0.153083116264765E+003  0.818386085903610E+000  0.417231237038781E+001  0.474037243563362E+001
  0.100000000000000E+001  0.153069728668626E+003  0.874917971930783E+000  0.341565219735388E+001  0.448171622219189E+001
  0.100000000000000E+001  0.153068274766871E+003  0.875501043661704E+000  0.287216952274595E+001  0.474253919936527E+001
  0.100000000000000E+001  0.153065743298165E+003  0.820980971161141E+000  0.406560182848554E+001  0.463896835554061E+001
  0.100000000000000E+001  0.153025052986462E+003  0.851054656366854E+000  0.364738452602853E+001  0.495962019983631E+001
  0.100000000000000E+001  0.153021430541206E+003  0.906394282795257E+000  0.286708848359041E+001  0.485657454216256E+001
  0.100000000000000E+001  0.153017833338528E+003  0.867184326136674E+000  0.330362480991649E+001  0.450416682512237E+001
  0.100000000000000E+001  0.153014776098666E+003  0.832338278100820E+000  0.395629880982335E+001  0.483443093616245E+001
  0.100000000000000E+001  0.153003113144402E+003  0.872532481166146E+000  0.299932386105920E+001  0.479317206145760E+001
  0.100000000000000E+001  0.152975271474139E+003  0.842930162365016E+000  0.364700863082994E+001  0.459093884342170E+001
  0.100000000000000E+001  0.152968977156786E+003  0.866733139649999E+000  0.311623494507747E+001  0.476734112939137E+001
  0.100000000000000E+001  0.152953872306402E+003  0.858664497971533E+000  0.351185794583724E+001  0.457417745893572E+001
  0.100000000000000E+001  0.152919151186897E+003  0.850831157481625E+000  0.349632969228696E+001  0.468834315461089E+001
  0.100000000000000E+001  0.152903302578004E+003  0.876445199687613E+000  0.319316121206280E+001  0.475200964521653E+001
