  0.100000000000000E+001  0.174115268168723E+003  0.121449640257299E+001 -0.841617560442629E+000  0.483309570941366E+001
  0.100000000000000E+001  0.177625872972493E+003  0.122111793255335E+001  0.521175480972147E-001  0.490563625331814E+001
  0.100000000000000E+001  0.174118733197812E+003  0.833763055737600E+000  0.111980690416854E+001  0.538731234250951E+001
  0.100000000000000E+001  0.183078427193271E+003  0.107808713834697E+001 -0.321962811967016E+001  0.838178787744003E+001
  0.100000000000000E+001  0.177743714758910E+003  0.118938841542300E+001  0.704032359061060E+000  0.610851617913708E+001
  0.100000000000000E+001  0.183597010055966E+003  0.875323190702939E+000  0.544481484272679E+001  0.789264018285595E+001
  0.100000000000000E+001  0.177762185448424E+003  0.955902449896771E+000  0.228346792847945E+001  0.740292967005701E+001
  0.100000000000000E+001  0.174123895301928E+003  0.946181060639736E+000  0.107055654457798E+001  0.653480125679165E+001
  0.100000000000000E+001  0.177829856144727E+003  0.100954710458583E+001  0.428747968225977E+000  0.311584763404584E+001
  0.100000000000000E+001  0.177881009158396E+003  0.124005366684855E+001 -0.283599829417086E+001  0.730418861670557E+001
  0.100000000000000E+001  0.185236213192501E+003  0.114339736272258E+001 -0.323543576680632E+001  0.930889757345571E+001
  0.100000000000000E+001  0.185386597789608E+003  0.702052428897579E+000  0.586630095340496E+000  0.762228855515017E+001
  0.100000000000000E+001  0.177947507090757E+003  0.970166043268414E+000  0.383761317651002E+001  0.574405042660521E+001
  0.100000000000000E+001  0.177947572310437E+003  0.617883984257759E+000  0.502101752920478E+001  0.413974830668952E+001
  0.100000000000000E+001  0.174145378668895E+003  0.106760526022672E+001  0.124601255274705E+001  0.426561363637539E+001
  0.100000000000000E+001  0.177951847148626E+003  0.126457684710004E+001 -0.121959356259285E+001  0.434079029082242E+001
  0.100000000000000E+001  0.178024738187366E+003  0.120952330687512E+001  0.517173821361823E+000  0.590015673954888E+001
  0.100000000000000E+001  0.181456471562530E+003  0.885318181676589E+000  0.548488400635792E+001  0.564027796813444E+001
  0.100000000000000E+001  0.178060310922704E+003  0.125552856382161E+001 -0.461366519496424E+001  0.672473948180777E+001
  0.100000000000000E+001  0.178168966834396E+003  0.132766539840619E+001 -0.273283713020133E+001  0.436300397755418E+001
  0.100000000000000E+001  0.181410859021318E+003  0.108889283079971E+001  0.259500038147489E+001  0.738114932465982E+001
  0.100000000000000E+001  0.178181457675431E+003  0.141137031773451E+001 -0.406926362291871E+001  0.580509915476063E+001
  0.100000000000000E+001  0.178379971854908E+003  0.104524622859968E+001 -0.320562661412225E+001  0.552435174755888E+001
  0.100000000000000E+001  0.181140139228283E+003  0.126129712760000E+001 -0.529032614270002E+001  0.451194692710388E+001
  0.100000000000000E+001  0.178423125731749E+003  0.841806989856208E+000  0.139965342431992E+000  0.348104167763072E+001
  0.100000000000000E+001  0.178478094110237E+003  0.130247767301754E+001 -0.266637008887415E+001  0.719119126341349E+001
  0.100000000000000E+001  0.181013930977368E+003  0.147561484227491E+001 -0.514069363473702E+001  0.678838425368856E+001
  0.100000000000000E+001  0.178593423380176E+003  0.139599506917899E+001 -0.318706073133278E+001  0.586643172600371E+001
  0.100000000000000E+001  0.180859029266880E+003  0.109480798406386E+001 -0.967883891003012E+000  0.841855687769631E+001
  0.100000000000000E+001  0.180547734198456E+003  0.729261176683942E+000  0.678964424693817E+000  0.455147378090588E+001
  0.100000000000000E+001  0.178614677899276E+003  0.130299044614308E+001 -0.288310955321501E+001  0.401106356352641E+001
  0.100000000000000E+001  0.178647260186389E+003  0.121507294930387E+001 -0.466268755882177E+001  0.667347536522196E+001
  0.100000000000000E+001  0.178663016891494E+003  0.107256966737219E+001 -0.272119985073100E+001  0.721291136125930E+001
  0.100000000000000E+001  0.178692836709767E+003  0.100196958352223E+001  0.227259911294131E+001  0.374720052135364E+001
  0.100000000000000E+001  0.180177432903913E+003  0.671976405434614E+000  0.247471493713427E+001  0.643288285869338E+001
  0.100000000000000E+001  0.178903393373508E+003  0.135876749816756E+001 -0.572625845806169E+001  0.634499836719980E+001
  0.100000000000000E+001  0.178938252333376E+003  0.831801398924994E+000 -0.314116030136574E+000  0.563011184698381E+001
  0.100000000000000E+001  0.180100405389563E+003  0.132039398761021E+001 -0.512995536735799E+001  0.424822590117055E+001
  0.100000000000000E+001  0.178938557254494E+003  0.126269375043131E+001 -0.507995696523007E+001  0.671161063357416E+001
  0.100000000000000E+001  0.178990095309800E+003  0.130605112772676E+001 -0.136807164767926E+001  0.671949101752680E+001
  0.100000000000000E+001  0.179094435133185E+003  0.939883389046445E+000  0.119787317982355E+001  0.290432392103862E+001
  0.100000000000000E+001  0.179773268958967E+003  0.984342528156912E+000 -0.114689178721665E+001  0.781711927036137E+001
  0.100000000000000E+001  0.179720596850216E+003  0.874888754755673E+000  0.401936088370363E+000  0.773138127697761E+001
  0.100000000000000E+001  0.179095984462912E+003  0.130936625484575E+001 -0.122131087999544E+001  0.499169214649921E+001
  0.100000000000000E+001  0.179687104926164E+003  0.852229407032320E+000  0.530902655618455E+001  0.517252819165602E+001
  0.100000000000000E+001  0.179570279288723E+003  0.122890062399845E+001 -0.530330847141310E+001  0.627716449758334E+001
  0.100000000000000E+001  0.179551580230440E+003  0.868224260575976E+000  0.506572759067529E+001  0.661579172160787E+001
  0.100000000000000E+001  0.179491316850823E+003  0.100790668650267E+001 -0.259047336549189E+001  0.693140500530153E+001
  0.100000000000000E+001  0.179374353319963E+003  0.738422851490630E+000  0.612122608573694E+001  0.529063698616155E+001
  0.100000000000000E+001  0.179170191286599E+003  0.101688647054983E+001  0.353484395438285E+001  0.548483187045269E+001
  0.100000000000000E+001  0.179335491486298E+003  0.651863857558778E+000  0.583635609167567E+001  0.450946821871563E+001
  0.100000000000000E+001  0.179333311997779E+003  0.116994554404171E+001 -0.426755994460289E+001  0.699007055542268E+001
  0.100000000000000E+001  0.174151966785419E+003  0.111892511291037E+001  0.858306411952938E+000  0.557100511649483E+001
  0.100000000000000E+001  0.179287307023128E+003  0.109174649533134E+001  0.884055974574864E+000  0.775048707052799E+001
  0.100000000000000E+001  0.177583560874806E+003  0.811514793687541E+000  0.414471443634271E+001  0.404275936701510E+001
  0.100000000000000E+001  0.177577553242075E+003  0.104752539652438E+001 -0.281985785577676E+001  0.639256850267036E+001
  0.100000000000000E+001  0.177562749074362E+003  0.605853461118979E+000  0.432284049846044E+001  0.469534274595528E+001
  0.100000000000000E+001  0.177525589528094E+003  0.113822524130032E+001 -0.290699527222051E+001  0.711051468381474E+001
  0.100000000000000E+001  0.177489106100652E+003  0.106848634194337E+001  0.936862001678136E+000  0.732535472895108E+001
  0.100000000000000E+001  0.177453548571630E+003  0.776769375071334E+000  0.359408055319663E+001  0.704419640866107E+001
  0.100000000000000E+001  0.177429431008144E+003  0.906343174902586E+000  0.308551797498033E+001  0.716557438813006E+001
  0.100000000000000E+001  0.174165254388831E+003  0.112345887814687E+001 -0.235424993248283E+001  0.618442794110465E+001
  0.100000000000000E+001  0.177403339978262E+003  0.795443123418214E+000  0.925038904654713E+000  0.621872854262076E+001
  0.100000000000000E+001  0.177391435080125E+003  0.139105922083861E+001 -0.436795624593071E+001  0.590116875051202E+001
  0.100000000000000E+001  0.177381135358071E+003  0.105938314048986E+001 -0.143538290116349E+001  0.333419895251014E+001
  0.100000000000000E+001  0.177338266278941E+003  0.704312761649736E+000  0.459716404566441E+001  0.652076852686283E+001
  0.100000000000000E+001  0.174165946055495E+003  0.814087714911736E+000  0.257098172668975E+001  0.607152093028551E+001
  0.100000000000000E+001  0.177281380396340E+003  0.127294189708056E+001 -0.981185534869724E+000  0.613913420305938E+001
  0.100000000000000E+001  0.174179738176145E+003  0.127264883141016E+001 -0.228118613180935E+001  0.550548655857202E+001
  0.100000000000000E+001  0.177180161972648E+003  0.105786174906560E+001 -0.308794802053249E+001  0.557228026285425E+001
  0.100000000000000E+001  0.177174559783214E+003  0.672602769172566E+000  0.297636809727041E+001  0.527937206342977E+001
  0.100000000000000E+001  0.177122523513550E+003  0.874437046976933E+000 -0.215387827314217E+000  0.641649474982029E+001
  0.100000000000000E+001  0.177060264380645E+003  0.134158480339616E+001 -0.248855001578647E+001  0.523925938181197E+001
  0.100000000000000E+001  0.174219306553814E+003  0.117862500127380E+001 -0.280871475017619E+001  0.420132397104341E+001
  0.100000000000000E+001  0.176905700827626E+003  0.118587617909101E+001 -0.426368402170155E+001  0.590264672510331E+001
  0.100000000000000E+001  0.176724989544668E+003  0.770769794237347E+000  0.149189966292742E+001  0.585211556662449E+001
  0.100000000000000E+001  0.176663982890932E+003  0.905232958455601E+000  0.131550905497905E+001  0.302586509178268E+001
  0.100000000000000E+001  0.176575717143629E+003  0.120785626256732E+001 -0.365980196413703E+001  0.663558705192976E+001
  0.100000000000000E+001  0.176563218228830E+003  0.120347692846168E+001 -0.211326982651642E+000  0.642414316121343E+001
  0.100000000000000E+001  0.176530590442767E+003  0.756843032856710E+000  0.519761920798862E+001  0.529532355373116E+001
  0.100000000000000E+001  0.176520789917037E+003  0.732006379412059E+000  0.250559437696175E+001  0.589824073572652E+001
  0.100000000000000E+001  0.176503041829932E+003  0.818592216064363E+000  0.253894280681111E+001  0.692474104448093E+001
  0.100000000000000E+001  0.176447716627987E+003  0.133602308966588E+001 -0.320095355860668E+001  0.614373973292888E+001
  0.100000000000000E+001  0.176445806361643E+003  0.120820305496952E+001 -0.380258805640423E+000  0.440241421446706E+001
  0.100000000000000E+001  0.176442418905987E+003  0.957958256067562E+000  0.318946096930279E+001  0.644501904698420E+001
  0.100000000000000E+001  0.176439571459092E+003  0.857796216715130E+000  0.338388598249746E+001  0.390536609090572E+001
  0.100000000000000E+001  0.176428037920817E+003  0.916468909027875E+000  0.148587445752668E+001  0.310006100111460E+001
  0.100000000000000E+001  0.176413825706241E+003  0.101527461914793E+001 -0.181956579363091E+001  0.657775257669692E+001
  0.100000000000000E+001  0.174233161073125E+003  0.811647860496382E+000  0.367138976019180E+001  0.587970790886148E+001
  0.100000000000000E+001  0.176378873598100E+003  0.772345753270631E+000  0.510251872026039E+001  0.550360404359429E+001
  0.100000000000000E+001  0.176377799442269E+003  0.843650215069925E+000  0.209598509511480E+000  0.577746299859142E+001
  0.100000000000000E+001  0.176362976990549E+003  0.116894340400565E+001  0.474007750947791E+000  0.460450226623144E+001
  0.100000000000000E+001  0.176357337442902E+003  0.110499048007733E+001 -0.310147072606044E+001  0.454675155566069E+001
  0.100000000000000E+001  0.176336464682661E+003  0.123780416370523E+001 -0.912832987275465E+000  0.635411690489034E+001
  0.100000000000000E+001  0.176309534648575E+003  0.108302982658351E+001 -0.793944453507294E+000  0.718705015966368E+001
  0.100000000000000E+001  0.176303447769603E+003  0.971948678515804E+000 -0.146326494689279E+001  0.631025696420117E+001
  0.100000000000000E+001  0.174233757387937E+003  0.901296041928195E+000  0.355639148481050E+001  0.500373398346186E+001
  0.100000000000000E+001  0.176201820315541E+003  0.920677105508049E+000  0.141752544486724E+001  0.710765632899411E+001
  0.100000000000000E+001  0.176179319663305E+003  0.126644094408800E+001 -0.267496561404128E+001  0.409575184551579E+001
  0.100000000000000E+001  0.176128614480119E+003  0.740151884993449E+000  0.223157514262346E+001  0.358242348516946E+001
  0.100000000000000E+001  0.176108406080138E+003  0.697433149070779E+000  0.410293473630239E+001  0.575664312774484E+001
  0.100000000000000E+001  0.176100281414152E+003  0.122506518122464E+001 -0.435008613511899E+001  0.510307226330988E+001
  0.100000000000000E+001  0.176033151374817E+003  0.122440031530630E+001 -0.120589620150866E+001  0.657956411679468E+001
  0.100000000000000E+001  0.176002601744653E+003  0.678954744079999E+000  0.453705883291096E+001  0.422758988446595E+001
  0.100000000000000E+001  0.175988749691404E+003  0.848547398447338E+000  0.448911373277321E+001  0.568510066201418E+001
  0.100000000000000E+001  0.175968276214422E+003  0.908482873421658E+000 -0.389056306803525E+000  0.630774103121123E+001
  0.100000000000000E+001  0.175959263559591E+003  0.105378415265522E+001 -0.339462207741519E+000  0.711304121294749E+001
  0.100000000000000E+001  0.174236333230097E+003  0.892510804943824E+000 -0.176585592583393E+000  0.444679165785246E+001
  0.100000000000000E+001  0.175931799329413E+003  0.107711248440014E+001 -0.168645829637687E+001  0.689564033915436E+001
  0.100000000000000E+001  0.175926038743251E+003  0.837909094799071E+000  0.287817837879415E+001  0.337691393402580E+001
  0.100000000000000E+001  0.175923219977785E+003  0.116098110196757E+001 -0.305736257286701E+001  0.658379360236159E+001
  0.100000000000000E+001  0.175907009337063E+003  0.134044111219019E+001 -0.359896731654277E+001  0.496056940010767E+001
  0.100000000000000E+001  0.175898218831083E+003  0.934379991322960E+000 -0.834452262498374E+000  0.622693195066807E+001
  0.100000000000000E+001  0.175824678131464E+003  0.115918069039073E+001 -0.373667001042264E+001  0.498479398503415E+001
  0.100000000000000E+001  0.175729230304602E+003  0.104356768088078E+001 -0.129711798590677E+001  0.684550570874769E+001
  0.100000000000000E+001  0.175669438935860E+003  0.978681410463383E+000 -0.146937260593316E+001  0.417701784601172E+001
  0.100000000000000E+001  0.174236976332880E+003  0.102600041787983E+001 -0.110464026112184E+001  0.635704144287639E+001
  0.100000000000000E+001  0.175618596753059E+003  0.102398672187099E+001 -0.216329726235018E+001  0.592098731204944E+001
  0.100000000000000E+001  0.175600819011086E+003  0.897843995718501E+000  0.193720500279160E+001  0.688377132733087E+001
  0.100000000000000E+001  0.175583194427834E+003  0.128953254242750E+001 -0.425415124500384E+001  0.482959241196383E+001
  0.100000000000000E+001  0.175582863922770E+003  0.126379046393117E+001 -0.389277074788369E+001  0.448932029697026E+001
  0.100000000000000E+001  0.175502533247669E+003  0.108015981172611E+001 -0.126638807552469E+001  0.689265073108727E+001
  0.100000000000000E+001  0.175491490710317E+003  0.964305929697820E+000  0.227449212268954E+001  0.668556157530857E+001
  0.100000000000000E+001  0.175480516951970E+003  0.912552797708637E+000  0.282736045754933E+001  0.393597268840014E+001
  0.100000000000000E+001  0.175466502679216E+003  0.115185029736087E+001 -0.185191365962854E+001  0.681725901834995E+001
  0.100000000000000E+001  0.175429849041253E+003  0.916756726092266E+000  0.239971285303839E+001  0.376275537843048E+001
  0.100000000000000E+001  0.174266180566182E+003  0.837387848664354E+000  0.341777534902332E+001  0.430637171871007E+001
  0.100000000000000E+001  0.175395078692565E+003  0.829890993855693E+000  0.444381410697379E+001  0.509634373156622E+001
  0.100000000000000E+001  0.175379519281010E+003  0.776764075697817E+000  0.209061909439937E+001  0.593453276096603E+001
  0.100000000000000E+001  0.174270657398050E+003  0.106241880560044E+001  0.160291429833629E+001  0.580068178173680E+001
  0.100000000000000E+001  0.175350704338858E+003  0.699434085914883E+000  0.373238539150604E+001  0.495163641305039E+001
  0.100000000000000E+001  0.175330274773687E+003  0.867343820212614E+000  0.120594844650469E+000  0.567711658579304E+001
  0.100000000000000E+001  0.175321378106801E+003  0.127585526963558E+001 -0.160991230940360E+001  0.515979343098501E+001
  0.100000000000000E+001  0.175320843487825E+003  0.112816050173547E+001  0.104532766489149E+001  0.574795019102800E+001
  0.100000000000000E+001  0.175311672799366E+003  0.844325658535532E+000  0.317695684861586E+001  0.376747048965907E+001
  0.100000000000000E+001  0.175303468574410E+003  0.952780152677978E+000  0.334223242730813E+001  0.563427970142182E+001
  0.100000000000000E+001  0.175302072771429E+003  0.969412763259371E+000 -0.888217200399978E+000  0.640664216139106E+001
  0.100000000000000E+001  0.175272831519416E+003  0.121752886847233E+001 -0.440528508695266E+000  0.561034700753403E+001
  0.100000000000000E+001  0.175270913439691E+003  0.129845934062486E+001 -0.419414353926567E+001  0.499357862509525E+001
  0.100000000000000E+001  0.175243331369431E+003  0.124916455412826E+001 -0.422772792686389E+001  0.521272232061300E+001
  0.100000000000000E+001  0.175240168355538E+003  0.113763906001768E+001 -0.266560299923144E+001  0.407071181614543E+001
  0.100000000000000E+001  0.175197411588891E+003  0.918772691536142E+000 -0.734859105925068E+000  0.528255121534486E+001
  0.100000000000000E+001  0.175195361912268E+003  0.777607653243391E+000  0.447135357656455E+001  0.574413023224704E+001
  0.100000000000000E+001  0.175122331232042E+003  0.109758673309460E+001 -0.101446901117397E+001  0.682917043185242E+001
  0.100000000000000E+001  0.175108758238593E+003  0.778051097259752E+000  0.120974959717874E+001  0.444697850051125E+001
  0.100000000000000E+001  0.175080169241014E+003  0.845316656731368E+000  0.226916313346030E+001  0.326940753382518E+001
  0.100000000000000E+001  0.175064556164093E+003  0.908297606455760E+000  0.285735981959903E-001  0.629009785280392E+001
  0.100000000000000E+001  0.175060712236287E+003  0.109647049447327E+001  0.671329433895394E+000  0.650283435005412E+001
  0.100000000000000E+001  0.175022124886275E+003  0.121447638882146E+001 -0.241686630683743E+001  0.649581790841053E+001
  0.100000000000000E+001  0.174991194301984E+003  0.103610584263553E+001 -0.220898442181245E+001  0.570129545042147E+001
  0.100000000000000E+001  0.174935143707184E+003  0.113673642356629E+001 -0.288636584723697E+001  0.619209293300218E+001
  0.100000000000000E+001  0.174929714035215E+003  0.838277024324975E+000  0.416411867976659E+001  0.569252331514511E+001
  0.100000000000000E+001  0.174924388830761E+003  0.926356005082096E+000  0.157564661845187E+001  0.673936844680099E+001
  0.100000000000000E+001  0.174913224800422E+003  0.746510881481606E+000  0.419510544956360E+001  0.562585652462497E+001
  0.100000000000000E+001  0.174870854514975E+003  0.129745364394404E+001 -0.385085269190645E+001  0.490019250093819E+001
  0.100000000000000E+001  0.174860917614167E+003  0.119436832156094E+001 -0.208761134571760E+001  0.390177442918992E+001
  0.100000000000000E+001  0.174846770708797E+003  0.113685131228909E+001 -0.332761426025093E+001  0.531180796347424E+001
  0.100000000000000E+001  0.174797676077410E+003  0.107063425012879E+001 -0.254063659667074E+001  0.479377852139163E+001
  0.100000000000000E+001  0.174780969361189E+003  0.106087826591532E+001 -0.188437460342159E+001  0.633377365366476E+001
  0.100000000000000E+001  0.174778760239272E+003  0.893071888474188E+000  0.350004990772462E+001  0.600588148382526E+001
  0.100000000000000E+001  0.174776559043391E+003  0.722874182375801E+000  0.246184376058287E+001  0.452045017787556E+001
  0.100000000000000E+001  0.174740104785560E+003  0.105293448404296E+001 -0.109510356842539E+001  0.363763892639324E+001
  0.100000000000000E+001  0.174736957394785E+003  0.130030295338802E+001 -0.325296001828619E+001  0.569344659201379E+001
  0.100000000000000E+001  0.174706396106247E+003  0.716643015041478E+000  0.313567454968118E+001  0.480692143381313E+001
  0.100000000000000E+001  0.174699409142185E+003  0.110610470288302E+001 -0.698264272689570E+000  0.365210768729589E+001
  0.100000000000000E+001  0.174683325232988E+003  0.786266999989075E+000  0.408881334233061E+001  0.468067209831857E+001
  0.100000000000000E+001  0.174635510533012E+003  0.737527656713288E+000  0.360252964784316E+001  0.383217571868869E+001
  0.100000000000000E+001  0.174274028639865E+003  0.111287956575070E+001  0.479532499419179E+000  0.416658206488296E+001
  0.100000000000000E+001  0.174619631951925E+003  0.966684228956555E+000  0.540532926189471E+000  0.329020453371459E+001
  0.100000000000000E+001  0.174597281678802E+003  0.742216360492121E+000  0.383572447168268E+001  0.513488472675623E+001
  0.100000000000000E+001  0.174591972691071E+003  0.700983603529560E+000  0.359564926612883E+001  0.440185771150776E+001
  0.100000000000000E+001  0.174591862572813E+003  0.124035072848544E+001 -0.268806918029826E+001  0.620784932520032E+001
  0.100000000000000E+001  0.174581475978679E+003  0.111288457287936E+001  0.115308675454673E+001  0.519143564649760E+001
  0.100000000000000E+001  0.174571002794206E+003  0.752534909563563E+000  0.295317228410421E+001  0.521411789585987E+001
  0.100000000000000E+001  0.174561453083786E+003  0.106909816437754E+001 -0.105948396850745E+001  0.369421388400334E+001
  0.100000000000000E+001  0.174491125256038E+003  0.795783751308097E+000  0.201387212488490E+001  0.575627102349925E+001
  0.100000000000000E+001  0.174486869226917E+003  0.101458819472327E+001  0.245107712086637E+001  0.539042657772581E+001
  0.100000000000000E+001  0.174304198322216E+003  0.816086481266616E+000  0.288491247910940E+001  0.614911329253567E+001
  0.100000000000000E+001  0.174471858662931E+003  0.117093660648994E+001 -0.345743429734677E+001  0.493639171496777E+001
  0.100000000000000E+001  0.174449099754591E+003  0.847727193541166E+000  0.209361272522959E+001  0.331613375656275E+001
  0.100000000000000E+001  0.174424923932991E+003  0.113193466473264E+001 -0.151624199264721E+001  0.655241557557753E+001
  0.100000000000000E+001  0.174410368556891E+003  0.755464503086647E+000  0.300080237949339E+001  0.522292846284208E+001
  0.100000000000000E+001  0.174400850502558E+003  0.102207412546217E+001 -0.107459364144462E+001  0.369345356193100E+001
  0.100000000000000E+001  0.174392880615636E+003  0.870568109739650E+000  0.382710496196538E+001  0.548944915036914E+001
  0.100000000000000E+001  0.174375752419261E+003  0.125612621042841E+001 -0.230526727883338E+001  0.595824488368499E+001
  0.100000000000000E+001  0.174373286505572E+003  0.112179291020137E+001 -0.292190370085734E+001  0.570566969708452E+001
  0.100000000000000E+001  0.174371827701815E+003  0.836942378215702E+000  0.156116237458166E+001  0.334172894013831E+001
  0.100000000000000E+001  0.174359722323063E+003  0.954438704522023E+000 -0.941290158649593E+000  0.477703808715235E+001
  0.100000000000000E+001  0.174359277002903E+003  0.719125842410944E+000  0.363183685723855E+001  0.452034042584906E+001
  0.100000000000000E+001  0.174309141633937E+003  0.724479395049381E+000  0.270311268611628E+001  0.421948577644461E+001
  0.100000000000000E+001  0.174325293002847E+003  0.112291501425866E+001 -0.236870044570117E+001  0.411090465334769E+001
  0.100000000000000E+001  0.174332595877056E+003  0.809512141278394E+000  0.229935339949365E+001  0.604405303129607E+001
  0.100000000000000E+001  0.174326047164089E+003  0.711448453590044E+000  0.322065021660583E+001  0.432737723863106E+001
  0.100000000000000E+001  0.174095741222595E+003  0.115816406370694E+001 -0.131178376338556E+001  0.639300742657646E+001
  0.100000000000000E+001  0.174094364748521E+003  0.126723985333210E+001 -0.363401815447743E+001  0.537221543662125E+001
  0.100000000000000E+001  0.174085198660022E+003  0.104110165728903E+001  0.735221232102049E+000  0.648078200625054E+001
  0.100000000000000E+001  0.174064244261337E+003  0.763045511422646E+000  0.191029675956516E+001  0.443570601206386E+001
  0.100000000000000E+001  0.174051523599496E+003  0.817127559656457E+000  0.401684753736269E+001  0.509111816977105E+001
  0.100000000000000E+001  0.174010926202368E+003  0.936563912096104E+000  0.311875661022135E+001  0.481005200384831E+001
  0.100000000000000E+001  0.174001847338426E+003  0.845196570468096E+000  0.908619365431761E+000  0.520135507395251E+001
  0.100000000000000E+001  0.173982296637098E+003  0.122688116301250E+001 -0.279219649602307E+001  0.600004537050216E+001
  0.100000000000000E+001  0.173969521192366E+003  0.869596259175998E+000  0.530462181488971E+000  0.550504602953839E+001
  0.100000000000000E+001  0.173968306711852E+003  0.857050603139588E+000  0.365106125557325E+001  0.564822040611684E+001
  0.100000000000000E+001  0.173966185035732E+003  0.113129465079188E+001 -0.254275086676043E+001  0.601854055540119E+001
  0.100000000000000E+001  0.173926844418519E+003  0.128051740560076E+001 -0.311741099675726E+001  0.534829257530622E+001
  0.100000000000000E+001  0.173914962314281E+003  0.102486895960901E+001 -0.133258355835197E+001  0.417255002417350E+001
  0.100000000000000E+001  0.173910474069792E+003  0.905920252094727E+000  0.197854000945692E+001  0.636368653221070E+001
  0.100000000000000E+001  0.173906505200191E+003  0.977131801325480E+000  0.156862481935330E+001  0.639287184212943E+001
  0.100000000000000E+001  0.173883612371466E+003  0.940473847164622E+000  0.725985523343581E+000  0.640983626319152E+001
  0.100000000000000E+001  0.173854782347871E+003  0.111307816045900E+001 -0.188835671157776E+000  0.632900149814146E+001
  0.100000000000000E+001  0.173853315716733E+003  0.951343417250590E+000 -0.685966797466236E+000  0.461604873337889E+001
  0.100000000000000E+001  0.173834759774075E+003  0.846836319939259E+000  0.380555186982342E+001  0.527228069762551E+001
  0.100000000000000E+001  0.173747407987065E+003  0.977369663289865E+000  0.105717019368079E+001  0.644335406261793E+001
  0.100000000000000E+001  0.173740548513563E+003  0.850597272276738E+000  0.351623216848587E+001  0.456979822453376E+001
  0.100000000000000E+001  0.173726115835679E+003  0.121291058474714E+001 -0.339554614281450E+001  0.482289665464639E+001
  0.100000000000000E+001  0.173679859172877E+003  0.987608663394361E+000 -0.111560488421702E+001  0.570923588980317E+001
  0.100000000000000E+001  0.173668460152168E+003  0.100311008336901E+001 -0.136087354555444E+001  0.564473351468752E+001
  0.100000000000000E+001  0.173664496743629E+003  0.113749694510839E+001 -0.219322956305108E+001  0.612563718410183E+001
  0.100000000000000E+001  0.173653151182696E+003  0.119829592550800E+001 -0.165798596940429E+001  0.605554622077590E+001
  0.100000000000000E+001  0.173646450593037E+003  0.102900244535835E+001  0.180978458452306E+001  0.577579530696700E+001
  0.100000000000000E+001  0.173646306437437E+003  0.104314627081916E+001 -0.115343655050712E+001  0.395534409727154E+001
  0.100000000000000E+001  0.173643975133976E+003  0.107763901355940E+001 -0.161693576808459E+001  0.617590189512365E+001
  0.100000000000000E+001  0.173641950332665E+003  0.927253117602603E+000 -0.289423799471408E+000  0.460411281389850E+001
  0.100000000000000E+001  0.173630536034625E+003  0.934611750891891E+000  0.307970713978558E+001  0.500892868302023E+001
  0.100000000000000E+001  0.173629150348428E+003  0.121215664058692E+001 -0.123928207516863E+001  0.571684550244933E+001
  0.100000000000000E+001  0.173624484061585E+003  0.847338530408606E+000  0.315750181771861E+001  0.589253159191878E+001
  0.100000000000000E+001  0.173623122074007E+003  0.126084705405690E+001 -0.305137175064290E+001  0.547450885174352E+001
  0.100000000000000E+001  0.173606237451800E+003  0.107632236966376E+001 -0.164389069248539E+001  0.614194731808286E+001
  0.100000000000000E+001  0.173595473727871E+003  0.746409652263959E+000  0.284890479636644E+001  0.404130603902273E+001
  0.100000000000000E+001  0.173590273174405E+003  0.115135136492475E+001  0.195086491777872E+000  0.488787636720458E+001
  0.100000000000000E+001  0.173587908625221E+003  0.936229783597553E+000  0.293566097169816E+001  0.558215931588900E+001
  0.100000000000000E+001  0.173586991024193E+003  0.123296418799936E+001 -0.343958231128212E+001  0.520526231834741E+001
  0.100000000000000E+001  0.173581572688084E+003  0.107101543942203E+001 -0.565979593257723E+000  0.372900514945241E+001
  0.100000000000000E+001  0.173576427654347E+003  0.823668944379040E+000  0.257502767634577E+001  0.359475528081839E+001
  0.100000000000000E+001  0.173575630447180E+003  0.742221118591632E+000  0.303133014265094E+001  0.423961120803891E+001
  0.100000000000000E+001  0.173560734295589E+003  0.857590847671145E+000  0.874763381553123E+000  0.534283005797257E+001
  0.100000000000000E+001  0.173521525653794E+003  0.813713287352479E+000  0.225920503991088E+001  0.567642885076702E+001
  0.100000000000000E+001  0.173521260683260E+003  0.116562823345653E+001 -0.266834209419706E+001  0.431202483614798E+001
  0.100000000000000E+001  0.173512825780731E+003  0.937150684167033E+000 -0.516917788443678E+000  0.505867172871415E+001
  0.100000000000000E+001  0.173504519119096E+003  0.797934152670570E+000  0.288385194607802E+001  0.559881305418775E+001
  0.100000000000000E+001  0.173471142113106E+003  0.978376566465600E+000  0.200125206125288E+001  0.604475052862854E+001
  0.100000000000000E+001  0.173465251207775E+003  0.839720216647745E+000  0.363911308678040E+001  0.534725993094939E+001
  0.100000000000000E+001  0.173452183678510E+003  0.113898885376642E+001 -0.167390362194685E+001  0.620508993227091E+001
  0.100000000000000E+001  0.173440446557823E+003  0.106024212880371E+001  0.157451603753906E+001  0.510697586005552E+001
  0.100000000000000E+001  0.173440183457400E+003  0.116377301923264E+001 -0.102816439449181E+001  0.608964097930038E+001
  0.100000000000000E+001  0.173439961174194E+003  0.985303489467176E+000  0.215798166168923E-001  0.629717840252032E+001
  0.100000000000000E+001  0.173439348944927E+003  0.796295837756282E+000  0.255435922314983E+001  0.482060976727809E+001
  0.100000000000000E+001  0.173433264277192E+003  0.882281537471241E+000  0.179588210698053E+001  0.614206894894649E+001
  0.100000000000000E+001  0.173432368970284E+003  0.103244221983023E+001  0.193623842411721E+001  0.517560828041056E+001
  0.100000000000000E+001  0.173416090078138E+003  0.866809031680179E+000  0.348546771490646E+001  0.538125908321724E+001
  0.100000000000000E+001  0.173402014111270E+003  0.957206296409297E+000  0.208386720048495E+001  0.608538050694333E+001
  0.100000000000000E+001  0.173367125702558E+003  0.980844539165796E+000  0.201143150931193E+001  0.597971089584168E+001
  0.100000000000000E+001  0.173361218226639E+003  0.110238982961225E+001 -0.520392225960535E+000  0.382362498780815E+001
  0.100000000000000E+001  0.173349863791561E+003  0.124125830796168E+001 -0.183872680968642E+001  0.492107948162882E+001
  0.100000000000000E+001  0.173334603326116E+003  0.111665550658683E+001 -0.267364150895207E+001  0.501681710140795E+001
  0.100000000000000E+001  0.173332652378485E+003  0.105915752419882E+001 -0.124114174699668E+001  0.396431871745425E+001
  0.100000000000000E+001  0.173328592314818E+003  0.899400058011881E+000  0.101002247897395E+001  0.341131999011045E+001
  0.100000000000000E+001  0.173311908408488E+003  0.796514969847387E+000  0.252611362885007E+001  0.512794592956569E+001
  0.100000000000000E+001  0.173287061411261E+003  0.973530225891743E+000 -0.278931161093780E+000  0.606951395618709E+001
  0.100000000000000E+001  0.173285973818494E+003  0.845460847100784E+000  0.997573825910450E+000  0.466178014545510E+001
  0.100000000000000E+001  0.173285305751712E+003  0.939403170069553E+000  0.915748341304280E+000  0.346583055001803E+001
  0.100000000000000E+001  0.173269364356961E+003  0.861722692836990E+000  0.214855991719443E+001  0.599423348093974E+001
  0.100000000000000E+001  0.173256826279318E+003  0.119510662042194E+001 -0.133342565839274E+001  0.582714822969006E+001
  0.100000000000000E+001  0.173242059961231E+003  0.120095327427263E+001 -0.314605005421173E+001  0.481298622942541E+001
  0.100000000000000E+001  0.173241640836115E+003  0.948599272226072E+000  0.895973889597101E+000  0.625113045433383E+001
  0.100000000000000E+001  0.173241252787275E+003  0.826184845232453E+000  0.358850524963611E+001  0.515902276150373E+001
  0.100000000000000E+001  0.173211260793853E+003  0.847966297512648E+000  0.267004240697339E+001  0.396580686285912E+001
  0.100000000000000E+001  0.173193262749929E+003  0.121632037881034E+001 -0.302681561451304E+001  0.549231886846734E+001
  0.100000000000000E+001  0.173178848566930E+003  0.859690720682638E+000  0.268330431701587E+001  0.588773574983185E+001
  0.100000000000000E+001  0.173176009228267E+003  0.931105271495468E+000  0.256950236132909E+000  0.593710667000907E+001
  0.100000000000000E+001  0.173169865592245E+003  0.114051702259470E+001  0.405341303669360E-001  0.450083971941358E+001
  0.100000000000000E+001  0.173167885474372E+003  0.993953330629088E+000  0.211290856581726E+000  0.626998982502856E+001
  0.100000000000000E+001  0.173153008447804E+003  0.102024910545560E+001 -0.544969586528040E+000  0.384379882741807E+001
  0.100000000000000E+001  0.173145959328041E+003  0.118577867362414E+001 -0.310305462055076E+001  0.513250736450944E+001
  0.100000000000000E+001  0.173127371525361E+003  0.110598869192400E+001 -0.161433724694436E+001  0.399223118925410E+001
  0.100000000000000E+001  0.173118270667347E+003  0.987390156560327E+000 -0.111018704485900E+001  0.491303919214387E+001
  0.100000000000000E+001  0.173113715772987E+003  0.116668242438864E+001 -0.260136879367506E+001  0.437949168575377E+001
  0.100000000000000E+001  0.173103350953810E+003  0.114470778991457E+001 -0.267372150282989E+001  0.553966521940632E+001
  0.100000000000000E+001  0.173099600013145E+003  0.805787213636900E+000  0.248919993472477E+001  0.486657346283490E+001
  0.100000000000000E+001  0.173088660202405E+003  0.965507946234683E+000 -0.724718149485909E+000  0.543556857533794E+001
  0.100000000000000E+001  0.173085917799831E+003  0.123881299493517E+001 -0.194386464364209E+001  0.508985503817699E+001
  0.100000000000000E+001  0.173084494165670E+003  0.119364523622156E+001 -0.248576451916072E+001  0.431959821270767E+001
  0.100000000000000E+001  0.173069422364979E+003  0.883030304368119E+000  0.864998208214217E+000  0.354825843787290E+001
  0.100000000000000E+001  0.173066695378384E+003  0.812153822758741E+000  0.341291460802228E+001  0.499621403158934E+001
  0.100000000000000E+001  0.173058173986648E+003  0.981192074604008E+000  0.222038388980909E+001  0.564032487380473E+001
  0.100000000000000E+001  0.173034120284505E+003  0.122715438582517E+001 -0.307361045965436E+001  0.492269066990236E+001
  0.100000000000000E+001  0.173016116686526E+003  0.829647766718589E+000  0.298869729755791E+001  0.559768109397731E+001
  0.100000000000000E+001  0.173006695892234E+003  0.111476198729375E+001  0.595078508605738E+000  0.529981798710358E+001
  0.100000000000000E+001  0.173003935108949E+003  0.101757588333272E+001  0.195689011541791E+001  0.481773357303144E+001
  0.100000000000000E+001  0.172997074536791E+003  0.982182507122010E+000  0.312978869098956E+000  0.619778528624656E+001
  0.100000000000000E+001  0.172992232661369E+003  0.118827804785233E+001 -0.223615465347930E+001  0.582980334471194E+001
  0.100000000000000E+001  0.172991486462409E+003  0.858950181645410E+000  0.178562507955176E+001  0.580589849484828E+001
  0.100000000000000E+001  0.172987576972114E+003  0.808153288776190E+000  0.203720710312800E+001  0.371236370888488E+001
  0.100000000000000E+001  0.172985681747460E+003  0.116968213825082E+001 -0.648543631839402E+000  0.444330996406490E+001
  0.100000000000000E+001  0.172961728443057E+003  0.978517952596845E+000 -0.949746601848119E+000  0.501352463391159E+001
  0.100000000000000E+001  0.172960217796479E+003  0.107311792117818E+001  0.765172743876036E+000  0.420100128338049E+001
  0.100000000000000E+001  0.172951770910572E+003  0.782462360148966E+000  0.216817206843292E+001  0.415030405794676E+001
  0.100000000000000E+001  0.172935760204018E+003  0.912713743767421E+000  0.113479413510703E+000  0.528963044196805E+001
  0.100000000000000E+001  0.172920329822204E+003  0.920499730997343E+000  0.460109754989219E+000  0.356941560344483E+001
  0.100000000000000E+001  0.172909716482469E+003  0.811674771200945E+000  0.241108203213739E+001  0.494634379754106E+001
  0.100000000000000E+001  0.172908471001809E+003  0.793501518925537E+000  0.280462407249922E+001  0.399928845910983E+001
  0.100000000000000E+001  0.172899954524069E+003  0.121757776241915E+001 -0.298319823280637E+001  0.484947376756686E+001
  0.100000000000000E+001  0.172887814052419E+003  0.972422154623882E+000 -0.661880407966080E+000  0.556786927100464E+001
  0.100000000000000E+001  0.172882005500033E+003  0.107236775355893E+001  0.109541049690070E+001  0.458262036060220E+001
  0.100000000000000E+001  0.172877484912406E+003  0.855860636118643E+000  0.219731694496744E+001  0.579383181932180E+001
  0.100000000000000E+001  0.172855537353771E+003  0.107991657618245E+001 -0.751100377155822E+000  0.615207677358802E+001
  0.100000000000000E+001  0.172852138355260E+003  0.104814367563015E+001 -0.586636766215435E+000  0.615019502314315E+001
  0.100000000000000E+001  0.172846567183250E+003  0.907037140134344E+000  0.256439683037868E+000  0.477877585638380E+001
  0.100000000000000E+001  0.172833223142968E+003  0.805459097975809E+000  0.214173858829548E+001  0.455291893134224E+001
  0.100000000000000E+001  0.172816438946411E+003  0.118293994930628E+001 -0.292852032381910E+001  0.492641713689241E+001
  0.100000000000000E+001  0.172808184353204E+003  0.106045656871551E+001  0.127920411611690E+001  0.465406760610340E+001
  0.100000000000000E+001  0.172806854613974E+003  0.960824911621819E+000 -0.565126166706804E+000  0.538495475444518E+001
  0.100000000000000E+001  0.172785384953808E+003  0.105187387200418E+001 -0.757369996671500E+000  0.389610941618570E+001
  0.100000000000000E+001  0.172781593602474E+003  0.905841464190228E+000  0.227576087994105E+001  0.589013537401841E+001
  0.100000000000000E+001  0.172777717563559E+003  0.858884593204431E+000  0.328644028795222E+001  0.500231395755666E+001
  0.100000000000000E+001  0.172774268652759E+003  0.822118087541760E+000  0.198537162286925E+001  0.369494994562909E+001
  0.100000000000000E+001  0.172765815871366E+003  0.111157389258300E+001  0.301093427842545E+000  0.565876861473620E+001
  0.100000000000000E+001  0.172764722767777E+003  0.842294937093849E+000  0.132690990739616E+001  0.457381633060130E+001
  0.100000000000000E+001  0.172761893192994E+003  0.903636607407221E+000  0.375121440924133E+000  0.378568216649897E+001
  0.100000000000000E+001  0.172743575338471E+003  0.117026803810421E+001 -0.248122629573672E+001  0.563237294578177E+001
  0.100000000000000E+001  0.172742900312154E+003  0.947341342646370E+000  0.166734629733054E+001  0.602440474100445E+001
  0.100000000000000E+001  0.172742745122906E+003  0.120646110479810E+001 -0.247553563717867E+001  0.448755612916142E+001
  0.100000000000000E+001  0.172737672063405E+003  0.108468213259188E+001 -0.185169017473858E+001  0.434552419047132E+001
  0.100000000000000E+001  0.172734878877719E+003  0.106895790323171E+001  0.880540705984174E+000  0.572275125401432E+001
  0.100000000000000E+001  0.172727520824944E+003  0.115420038589085E+001 -0.274892328915699E+001  0.500688375568578E+001
  0.100000000000000E+001  0.172724761014010E+003  0.944303697129580E+000  0.182042822866708E+001  0.597826889722718E+001
  0.100000000000000E+001  0.172701159706626E+003  0.100962804437032E+001 -0.561110232601308E+000  0.403232040781049E+001
  0.100000000000000E+001  0.172700721024419E+003  0.117565114443611E+001 -0.283437164972487E+001  0.488000495175093E+001
  0.100000000000000E+001  0.172699912478336E+003  0.871601813981420E+000  0.313894748883968E+001  0.476276107080614E+001
  0.100000000000000E+001  0.172698732811081E+003  0.107237530382293E+001  0.719937881445787E+000  0.579160083100899E+001
  0.100000000000000E+001  0.172688140269610E+003  0.888778545850695E+000  0.700014663319578E+000  0.468310111600163E+001
  0.100000000000000E+001  0.172687064747737E+003  0.843712961509382E+000  0.248054535358337E+001  0.432592278562428E+001
  0.100000000000000E+001  0.172682118815058E+003  0.116755904346897E+001 -0.144126867928097E+001  0.583838152707359E+001
  0.100000000000000E+001  0.172680145422978E+003  0.795531084743631E+000  0.257263810302145E+001  0.429002953340836E+001
  0.100000000000000E+001  0.172679226470295E+003  0.812526062525988E+000  0.191982748121568E+001  0.383279699426055E+001
  0.100000000000000E+001  0.172672111596857E+003  0.904085578417240E+000  0.166725523728333E+001  0.372468449136375E+001
  0.100000000000000E+001  0.172648731571080E+003  0.942827426491765E+000  0.751377913096434E-001  0.571696996781785E+001
  0.100000000000000E+001  0.172639960565003E+003  0.118115872063519E+001 -0.273049679352515E+001  0.467916476509218E+001
  0.100000000000000E+001  0.172607875307039E+003  0.112986916344469E+001 -0.234064450916065E+001  0.451921894040863E+001
  0.100000000000000E+001  0.172606740621670E+003  0.836582609047595E+000  0.213638638029867E+001  0.456132613002842E+001
  0.100000000000000E+001  0.172603577155236E+003  0.113953227144698E+001 -0.168041852123636E+001  0.588881679183078E+001
  0.100000000000000E+001  0.172589717699476E+003  0.102790527578214E+001  0.104594113331407E+001  0.591732272637273E+001
  0.100000000000000E+001  0.172576077446051E+003  0.121353540886527E+001 -0.270282268105071E+001  0.524386630548893E+001
  0.100000000000000E+001  0.172563321962890E+003  0.121601192903077E+001 -0.237108909178620E+001  0.463672820357024E+001
  0.100000000000000E+001  0.172560212976032E+003  0.111202728972918E+001 -0.116667900626055E+001  0.598517570492691E+001
  0.100000000000000E+001  0.172547379051341E+003  0.851894901452043E+000  0.215008256818375E+001  0.559186490183815E+001
  0.100000000000000E+001  0.172527511080568E+003  0.115205455690647E+001 -0.111962985608854E+001  0.414273290253022E+001
  0.100000000000000E+001  0.172508299567954E+003  0.100788373071698E+001  0.900766133409505E+000  0.391954818164882E+001
  0.100000000000000E+001  0.172507708904510E+003  0.833081784252711E+000  0.150678098992172E+001  0.387179891092386E+001
  0.100000000000000E+001  0.172480108784079E+003  0.896833623189295E+000  0.561286721423699E+000  0.514786615506247E+001
  0.100000000000000E+001  0.172466511290501E+003  0.895291291833642E+000  0.286030492551980E+001  0.464351135093425E+001
  0.100000000000000E+001  0.172462816924210E+003  0.114800203757807E+001 -0.247359227430211E+001  0.537410005016465E+001
  0.100000000000000E+001  0.172460998059442E+003  0.100412261222897E+001  0.184836065903190E+001  0.542271314930099E+001
  0.100000000000000E+001  0.172460842464602E+003  0.975969500455592E+000 -0.619798732591931E+000  0.541879492932714E+001
  0.100000000000000E+001  0.172449234998231E+003  0.119117197487820E+001 -0.117807395855655E+001  0.529927323102828E+001
  0.100000000000000E+001  0.172445565699224E+003  0.952108427445815E+000  0.103224031483431E+001  0.599376995192030E+001
  0.100000000000000E+001  0.172426208971612E+003  0.105846713803876E+001  0.118652656171852E+001  0.465270607656655E+001
  0.100000000000000E+001  0.172417370799397E+003  0.917015117478519E+000  0.207586248310449E+000  0.504780081518578E+001
  0.100000000000000E+001  0.172412392154534E+003  0.113856613660142E+001 -0.167391498419899E+001  0.581316298615803E+001
  0.100000000000000E+001  0.172402241279578E+003  0.940573695150925E+000  0.254975045014179E+001  0.471881818549072E+001
  0.100000000000000E+001  0.172398258399733E+003  0.112092460862634E+001 -0.118267913987250E+001  0.590917805672370E+001
  0.100000000000000E+001  0.172397771596529E+003  0.102858698357960E+001  0.119725854588609E+000  0.604680695840095E+001
  0.100000000000000E+001  0.172397100702098E+003  0.818585121936755E+000  0.240846404066328E+001  0.409004097240967E+001
  0.100000000000000E+001  0.172375245374389E+003  0.851298392082935E+000  0.187564294101840E+001  0.373262608395561E+001
  0.100000000000000E+001  0.172372291538978E+003  0.114364882860662E+001 -0.115025819447183E+000  0.490834579804323E+001
  0.100000000000000E+001  0.172368814353265E+003  0.999774766061912E+000 -0.541553447152737E+000  0.576756103974589E+001
  0.100000000000000E+001  0.172366388378417E+003  0.881537078307864E+000  0.285379141984046E+001  0.461893675396181E+001
  0.100000000000000E+001  0.172356360057519E+003  0.115850399020766E+001 -0.252687044989382E+001  0.527731216381157E+001
  0.100000000000000E+001  0.172354966881807E+003  0.897954161760206E+000  0.239371209593222E+001  0.565667823333282E+001
  0.100000000000000E+001  0.172342855342863E+003  0.874152515836923E+000  0.247491277898720E+001  0.558934298477088E+001
  0.100000000000000E+001  0.172342315706833E+003  0.910314150637930E+000  0.356815309989415E+000  0.500060748801693E+001
  0.100000000000000E+001  0.172329640679631E+003  0.102759137037545E+001  0.105211382865886E+001  0.411548956025070E+001
  0.100000000000000E+001  0.172309312920137E+003  0.822819447075975E+000  0.217161267953971E+001  0.428896937965043E+001
  0.100000000000000E+001  0.172297283744836E+003  0.114338962486441E+001 -0.140646223249678E+001  0.579320321502361E+001
  0.100000000000000E+001  0.172289135970436E+003  0.108532615310597E+001 -0.123673555752475E+000  0.400199006222271E+001
  0.100000000000000E+001  0.172276283442784E+003  0.873133173110925E+000  0.858243341599277E+000  0.405299055834183E+001
  0.100000000000000E+001  0.172275437294148E+003  0.104212312692983E+001 -0.637442335615518E+000  0.592044295360848E+001
  0.100000000000000E+001  0.172267720701834E+003  0.108190738805952E+001 -0.129076307720284E+001  0.409770266498664E+001
  0.100000000000000E+001  0.172264622790319E+003  0.885236082137625E+000  0.888064153621002E+000  0.508844652665789E+001
  0.100000000000000E+001  0.172263117735370E+003  0.117628916758470E+001 -0.851895110400747E+000  0.512615825176372E+001
  0.100000000000000E+001  0.172262238884243E+003  0.831571913741778E+000  0.167811671883904E+001  0.397062189962277E+001
  0.100000000000000E+001  0.172251863830879E+003  0.920442934796291E+000  0.135213485876375E+001  0.583390232652177E+001
  0.100000000000000E+001  0.172248652551196E+003  0.961714982690146E+000  0.323546429235932E-002  0.399795865540356E+001
  0.100000000000000E+001  0.172248550228440E+003  0.115706176114448E+001 -0.864508392051377E+000  0.557476803132670E+001
  0.100000000000000E+001  0.172247640652859E+003  0.118699659758078E+001 -0.247792403705492E+001  0.466072854124153E+001
  0.100000000000000E+001  0.172246510899403E+003  0.950053804227687E+000  0.174902028492180E+001  0.580430311404056E+001
  0.100000000000000E+001  0.172236141677716E+003  0.869559949042858E+000  0.104210907567247E+001  0.387668472377492E+001
  0.100000000000000E+001  0.172228943677907E+003  0.865605542966730E+000  0.294642229425843E+001  0.505693099384769E+001
  0.100000000000000E+001  0.172224162090544E+003  0.111087628373719E+001  0.252466358216367E+000  0.539609825744812E+001
  0.100000000000000E+001  0.172222685360648E+003  0.931277974619838E+000  0.257568341447028E+001  0.518683171015071E+001
  0.100000000000000E+001  0.172214076520641E+003  0.931080514584954E+000  0.345521886841382E+000  0.554388460832825E+001
  0.100000000000000E+001  0.172194579794299E+003  0.100080171900281E+001  0.187196685175812E+001  0.521314980170556E+001
  0.100000000000000E+001  0.172194529663053E+003  0.991104893477890E+000 -0.603288687817226E+000  0.554196890411658E+001
  0.100000000000000E+001  0.172194501855963E+003  0.993943063207254E+000 -0.603234092963817E+000  0.434139978044171E+001
  0.100000000000000E+001  0.172179834245453E+003  0.110305629178432E+001  0.193514417474049E+000  0.556537257889980E+001
  0.100000000000000E+001  0.172179436060879E+003  0.112137790233712E+001 -0.159614487928958E+001  0.573997090461978E+001
  0.100000000000000E+001  0.172177597054198E+003  0.106898470615692E+001 -0.138014507427080E+001  0.424042214059484E+001
  0.100000000000000E+001  0.172171442414147E+003  0.994446415630758E+000 -0.888104611262605E+000  0.486387279117833E+001
  0.100000000000000E+001  0.172168521627673E+003  0.108952598412416E+001 -0.171794835714213E+001  0.436726762246713E+001
  0.100000000000000E+001  0.172158967179748E+003  0.114105705668580E+001 -0.203999134257468E+001  0.555034929814156E+001
  0.100000000000000E+001  0.172157715400066E+003  0.107091950053344E+001  0.260866617644112E+000  0.581647839663830E+001
  0.100000000000000E+001  0.172154798248711E+003  0.877815471349376E+000  0.135958789593728E+001  0.451446616910607E+001
  0.100000000000000E+001  0.172152465904301E+003  0.878184352882759E+000  0.111515790923711E+001  0.441909261240441E+001
  0.100000000000000E+001  0.172144401827375E+003  0.107228173925278E+001  0.843258406165319E+000  0.536583847645438E+001
  0.100000000000000E+001  0.172136217911563E+003  0.912822460172518E+000  0.119065795715350E+001  0.375553117428601E+001
  0.100000000000000E+001  0.172134842702131E+003  0.111057962886575E+001  0.314654080548706E+000  0.521916016597914E+001
  0.100000000000000E+001  0.172123059985508E+003  0.119059571148019E+001 -0.132741881556561E+001  0.511581939564630E+001
  0.100000000000000E+001  0.172122936703383E+003  0.114719163445793E+001 -0.223801474065742E+001  0.452673882933317E+001
  0.100000000000000E+001  0.172116523459331E+003  0.105397996466035E+001 -0.817267005594047E+000  0.584121971806409E+001
  0.100000000000000E+001  0.172106771637586E+003  0.983328781018272E+000 -0.529442077898750E+000  0.446194039700662E+001
  0.100000000000000E+001  0.172102904421185E+003  0.108428485558720E+001 -0.161207435407837E+001  0.556536980023578E+001
  0.100000000000000E+001  0.172102253811499E+003  0.114902093287663E+001 -0.140955738920314E+001  0.568509252016291E+001
  0.100000000000000E+001  0.172098508639701E+003  0.116481870488349E+001 -0.126907008539240E+001  0.555740137249349E+001
  0.100000000000000E+001  0.172095806920584E+003  0.111540818983827E+001 -0.426444746573637E+000  0.415386778775937E+001
  0.100000000000000E+001  0.172088070907632E+003  0.888418927607304E+000  0.214536486514196E+001  0.430238805988387E+001
  0.100000000000000E+001  0.172085554560311E+003  0.905175387504149E+000  0.730775692641316E+000  0.436392428881368E+001
  0.100000000000000E+001  0.172084625486045E+003  0.882321892059594E+000  0.264250426872343E+001  0.534815406189114E+001
  0.100000000000000E+001  0.172077853434715E+003  0.883254529571207E+000  0.168426411867046E+001  0.387687015191834E+001
  0.100000000000000E+001  0.172066163596349E+003  0.849811555471398E+000  0.204036238843950E+001  0.476955574157163E+001
  0.100000000000000E+001  0.172062656976448E+003  0.901953889745938E+000  0.272581535296686E+001  0.507471545671901E+001
  0.100000000000000E+001  0.172059089871411E+003  0.858163691424649E+000  0.136702216059496E+001  0.426966845913440E+001
  0.100000000000000E+001  0.172052673582125E+003  0.885935797245804E+000  0.230087509193011E+001  0.552413780887924E+001
  0.100000000000000E+001  0.172052047464905E+003  0.932062305730544E+000  0.233488006700462E+001  0.541967121877218E+001
  0.100000000000000E+001  0.172049727886136E+003  0.951743704756611E+000 -0.219745455639426E+000  0.495138429053743E+001
  0.100000000000000E+001  0.172037945931195E+003  0.925971351922195E+000  0.196939088172265E+001  0.566743656146795E+001
  0.100000000000000E+001  0.172034125135056E+003  0.941709838407207E+000  0.279964439835652E+000  0.413628301453877E+001
  0.100000000000000E+001  0.172033630665150E+003  0.853916203222638E+000  0.274927008688813E+001  0.492170119635638E+001
  0.100000000000000E+001  0.172025750206102E+003  0.102332612719949E+001 -0.969116941316784E+000  0.437885728445480E+001
  0.100000000000000E+001  0.172024539972508E+003  0.904458197350566E+000  0.179010030530043E+001  0.567165807470210E+001
  0.100000000000000E+001  0.172020675616591E+003  0.884894678888426E+000  0.278770580209751E+001  0.496833304801172E+001
  0.100000000000000E+001  0.172020337445520E+003  0.117661101920925E+001 -0.232664798011730E+001  0.525204340629739E+001
  0.100000000000000E+001  0.172010482899766E+003  0.109547623923429E+001  0.554405749552501E+000  0.487396171117289E+001
  0.100000000000000E+001  0.172005315174927E+003  0.887367220369017E+000  0.156463121206684E+001  0.553765189870124E+001
  0.100000000000000E+001  0.172000328448635E+003  0.100434253393250E+001  0.176469796261685E+001  0.516565632095772E+001
  0.100000000000000E+001  0.171995437940328E+003  0.879362312657597E+000  0.117507312606504E+001  0.484968576692270E+001
  0.100000000000000E+001  0.171994230871899E+003  0.103903247804495E+001 -0.772402002833417E-002  0.393682967168775E+001
  0.100000000000000E+001  0.171985974329072E+003  0.897589911338803E+000  0.950413851284239E+000  0.382942960219181E+001
  0.100000000000000E+001  0.171985407207306E+003  0.116290946340631E+001 -0.125083729476232E+001  0.551033306599052E+001
  0.100000000000000E+001  0.171982330302726E+003  0.919631926440252E+000  0.231394664546504E+001  0.441933475150173E+001
  0.100000000000000E+001  0.171980664996651E+003  0.931360696344754E+000  0.863923071400663E+000  0.385148412176750E+001
  0.100000000000000E+001  0.171977349965121E+003  0.106929963496102E+001 -0.172730397764752E+001  0.495337776930014E+001
  0.100000000000000E+001  0.171964606873140E+003  0.973220799598592E+000 -0.137551881295863E+000  0.558758201393729E+001
  0.100000000000000E+001  0.171959658680393E+003  0.927046101213677E+000  0.113741363199728E+001  0.401523771664214E+001
  0.100000000000000E+001  0.171954724019352E+003  0.110974224149646E+001 -0.127511157457072E+001  0.573176910872805E+001
  0.100000000000000E+001  0.171954390742119E+003  0.104192810554859E+001  0.595015898563759E+000  0.406963587018023E+001
  0.100000000000000E+001  0.171930522142682E+003  0.104959804904428E+001 -0.112303230580531E+001  0.558908613835008E+001
  0.100000000000000E+001  0.171916228588503E+003  0.110359211373102E+001 -0.194403686104435E+001  0.463009885592260E+001
  0.100000000000000E+001  0.171883761403488E+003  0.871664672068239E+000  0.195816028501089E+001  0.449232224323319E+001
  0.100000000000000E+001  0.171880824770191E+003  0.117804094572402E+001 -0.173023059211023E+001  0.535961925758890E+001
  0.100000000000000E+001  0.171879114151147E+003  0.978201235835297E+000  0.173471337555604E+001  0.551669390474030E+001
  0.100000000000000E+001  0.171878260765324E+003  0.859291044844361E+000  0.199712798248464E+001  0.470775791319780E+001
  0.100000000000000E+001  0.171869495886530E+003  0.109875548123195E+001 -0.177361229671281E+001  0.539188850563796E+001
  0.100000000000000E+001  0.171869118767543E+003  0.116646944321949E+001 -0.880982296211101E+000  0.507638326182357E+001
  0.100000000000000E+001  0.171866089414887E+003  0.104524052522670E+001  0.439978506417461E+000  0.577533674814025E+001
  0.100000000000000E+001  0.171863757294545E+003  0.867742357103224E+000  0.163823355513597E+001  0.513104776614528E+001
  0.100000000000000E+001  0.171863505778712E+003  0.883864995774348E+000  0.157320334764708E+001  0.407927599817594E+001
  0.100000000000000E+001  0.171859215955478E+003  0.103769184178009E+001  0.884020625187333E+000  0.421454885485820E+001
  0.100000000000000E+001  0.171858003691532E+003  0.102148186775719E+001 -0.237931817893795E+000  0.580361690978127E+001
  0.100000000000000E+001  0.171853351085911E+003  0.900758900718123E+000  0.195302305544296E+001  0.429173587764708E+001
  0.100000000000000E+001  0.171852848817835E+003  0.110238965223964E+001 -0.187266935385551E+000  0.420305183986651E+001
  0.100000000000000E+001  0.171851008892030E+003  0.898933126737777E+000  0.921334933446019E+000  0.419477881169282E+001
  0.100000000000000E+001  0.171840198331020E+003  0.115374988127510E+001 -0.121804979292921E+001  0.433629922958867E+001
  0.100000000000000E+001  0.171831061924070E+003  0.103285169987919E+001  0.465928369292925E+000  0.580029091424607E+001
  0.100000000000000E+001  0.171829059325220E+003  0.105757431073905E+001 -0.100940007068674E+001  0.417213499213608E+001
  0.100000000000000E+001  0.171828482884568E+003  0.112136392859879E+001 -0.669377980241165E+000  0.563748813615832E+001
  0.100000000000000E+001  0.171821931636077E+003  0.103105181662478E+001 -0.659047798002049E+000  0.568551782698623E+001
  0.100000000000000E+001  0.171798741346221E+003  0.103363917455587E+001  0.984099541723296E+000  0.556710872890741E+001
  0.100000000000000E+001  0.171798098689949E+003  0.997424522495066E+000  0.956967261322589E+000  0.576537817177282E+001
  0.100000000000000E+001  0.171780048142132E+003  0.923366955362545E+000  0.235442510032230E+001  0.459220100366565E+001
  0.100000000000000E+001  0.171768928422953E+003  0.106399331908104E+001 -0.524595434812625E-001  0.577475869164487E+001
  0.100000000000000E+001  0.171765762581342E+003  0.108579550852694E+001 -0.778879531496813E+000  0.574769259240165E+001
  0.100000000000000E+001  0.171762399066783E+003  0.106571638677017E+001 -0.694809640100686E-001  0.576915489505848E+001
  0.100000000000000E+001  0.171756244617616E+003  0.105351845135885E+001  0.102653816936761E+001  0.467266509838986E+001
  0.100000000000000E+001  0.171746430423177E+003  0.110201141394942E+001 -0.148264635646849E+001  0.555499072650036E+001
  0.100000000000000E+001  0.171741070567599E+003  0.101423814852291E+001 -0.542319991432748E+000  0.560005508485384E+001
  0.100000000000000E+001  0.171732228398287E+003  0.101173333054006E+001  0.471721979424828E+000  0.579844895290095E+001
  0.100000000000000E+001  0.171719613676519E+003  0.977407452737098E+000  0.181065819740695E+001  0.535391830886603E+001
  0.100000000000000E+001  0.171707744333544E+003  0.897014646086751E+000  0.164501844458357E+001  0.547346129919272E+001
  0.100000000000000E+001  0.171695471336856E+003  0.117601014786737E+001 -0.139174425763170E+001  0.513751635581534E+001
  0.100000000000000E+001  0.171691091668758E+003  0.880044966336005E+000  0.142620808598286E+001  0.474866590018800E+001
  0.100000000000000E+001  0.171682127796543E+003  0.108714729698898E+001 -0.133591655560019E+001  0.425788601665424E+001
  0.100000000000000E+001  0.171676933149846E+003  0.992303509931689E+000  0.539585793947495E+000  0.576868504145757E+001
  0.100000000000000E+001  0.171676646297927E+003  0.965712133099066E+000 -0.245291087694838E+000  0.472071539548216E+001
  0.100000000000000E+001  0.171665685328711E+003  0.110145128183893E+001 -0.154364080613516E+001  0.547592503670159E+001
  0.100000000000000E+001  0.171665470828555E+003  0.103353988964821E+001 -0.109157774368572E+001  0.527389344814928E+001
  0.100000000000000E+001  0.171656901514559E+003  0.948921965455476E+000  0.221215114698272E+001  0.486075292542335E+001
  0.100000000000000E+001  0.171654826605768E+003  0.112417123811046E+001 -0.198894173714928E+001  0.466626568248598E+001
  0.100000000000000E+001  0.171651914042379E+003  0.967833789167538E+000 -0.261497590980468E+000  0.512408613667058E+001
  0.100000000000000E+001  0.171641931303121E+003  0.115535700863237E+001 -0.164783210516136E+001  0.539142385573678E+001
  0.100000000000000E+001  0.171640516418674E+003  0.103333356075379E+001  0.204918829782429E+000  0.576356707650440E+001
  0.100000000000000E+001  0.171611873683188E+003  0.100381135577221E+001 -0.239378760385748E+000  0.562158393481663E+001
  0.100000000000000E+001  0.171588290420629E+003  0.988686205405712E+000  0.178990188267601E+001  0.477833148338829E+001
  0.100000000000000E+001  0.171583613862751E+003  0.934654734457853E+000  0.192111124637350E+001  0.434759295985335E+001
  0.100000000000000E+001  0.171571808439255E+003  0.963752268765050E+000 -0.198008547109282E+000  0.486012602519485E+001
  0.100000000000000E+001  0.171555692852525E+003  0.104151358633436E+001  0.110044817533574E+001  0.464840587916491E+001
  0.100000000000000E+001  0.171542656681497E+003  0.919904179809164E+000  0.179369876062746E+001  0.430495810997961E+001
  0.100000000000000E+001  0.171506728908386E+003  0.117392178035911E+001 -0.155373848937253E+001  0.478678863025713E+001
  0.100000000000000E+001  0.171504250574444E+003  0.103678736047260E+001 -0.112226440725122E+001  0.513251816447094E+001
  0.100000000000000E+001  0.171493412712319E+003  0.880691481095385E+000  0.174291835381568E+001  0.512683689647774E+001
  0.100000000000000E+001  0.171491464793720E+003  0.933149250854094E+000  0.212425867785997E+001  0.522726512142881E+001
  0.100000000000000E+001  0.171480891183845E+003  0.947139432322142E+000  0.133222732494181E+001  0.558341292323581E+001
  0.100000000000000E+001  0.171447604150297E+003  0.102842194374113E+001 -0.962153173758963E+000  0.458669112408557E+001
  0.100000000000000E+001  0.171443896121434E+003  0.115422097524379E+001 -0.898926487643024E+000  0.496873612214298E+001
  0.100000000000000E+001  0.171443642415339E+003  0.958948280013668E+000  0.194044793434830E+001  0.518261182227013E+001
  0.100000000000000E+001  0.171436720766183E+003  0.994928034743873E+000 -0.480400537030121E+000  0.524723133861975E+001
  0.100000000000000E+001  0.171435474397338E+003  0.115428151435823E+001 -0.118437724371036E+001  0.454543788119751E+001
  0.100000000000000E+001  0.171430002193941E+003  0.105578013436479E+001 -0.112001612538531E+001  0.536696977403833E+001
  0.100000000000000E+001  0.171427243881437E+003  0.105780747500715E+001  0.141157832472317E+000  0.561782550601779E+001
  0.100000000000000E+001  0.171427015910398E+003  0.880759339459806E+000  0.166627316239446E+001  0.488992603579152E+001
  0.100000000000000E+001  0.171419921236665E+003  0.938258747547624E+000  0.714940006397754E+000  0.433165603567698E+001
  0.100000000000000E+001  0.171405969907262E+003  0.955270275444314E+000  0.198975564851288E+001  0.466880215953500E+001
  0.100000000000000E+001  0.171405551341652E+003  0.113565850717194E+001 -0.949392597655702E+000  0.536880995080133E+001
  0.100000000000000E+001  0.171398629880604E+003  0.897261587649083E+000  0.214294160704745E+001  0.459282972752909E+001
  0.100000000000000E+001  0.171367171233927E+003  0.945358086983152E+000  0.832346783551600E+000  0.550065604883597E+001
  0.100000000000000E+001  0.171360545638173E+003  0.102769037378284E+001  0.114774077640918E+001  0.520812287232362E+001
  0.100000000000000E+001  0.171356124863345E+003  0.892286040393624E+000  0.150683049467739E+001  0.464795954300202E+001
  0.100000000000000E+001  0.171351357519409E+003  0.113399600326578E+001 -0.641025673617690E+000  0.456011264613489E+001
  0.100000000000000E+001  0.171347842376258E+003  0.971545890296619E+000  0.133035234344123E+001  0.422517137130209E+001
  0.100000000000000E+001  0.171346372937923E+003  0.103048540163770E+001 -0.655503690686203E+000  0.428488806204380E+001
  0.100000000000000E+001  0.171336845491085E+003  0.112570206047465E+001 -0.428866026130166E+000  0.459362632930536E+001
  0.100000000000000E+001  0.171323468035036E+003  0.107491994765297E+001 -0.713464532203844E+000  0.557155549066690E+001
  0.100000000000000E+001  0.171323129098295E+003  0.103394710443417E+001  0.114158877994937E+001  0.497666751660144E+001
  0.100000000000000E+001  0.171321423254964E+003  0.100432310450031E+001  0.150290502189544E+001  0.497032734572138E+001
  0.100000000000000E+001  0.171318724938728E+003  0.906660682069415E+000  0.195227038925104E+001  0.524890495261933E+001
  0.100000000000000E+001  0.171316198865052E+003  0.958042539511170E+000  0.114610477230019E+001  0.554549166565670E+001
  0.100000000000000E+001  0.171306701544809E+003  0.969721122578216E+000 -0.277803407475830E-001  0.523335308822348E+001
  0.100000000000000E+001  0.171302192006158E+003  0.936815790787347E+000  0.126013730474558E+001  0.547373374765123E+001
  0.100000000000000E+001  0.171286853310035E+003  0.105930131745691E+001 -0.115336113706852E+001  0.446886445490740E+001
  0.100000000000000E+001  0.171280784166926E+003  0.976990859562549E+000  0.440079359139176E+000  0.417139537739771E+001
  0.100000000000000E+001  0.171278534989982E+003  0.105859173094919E+001 -0.186823095579314E-001  0.413309097120295E+001
  0.100000000000000E+001  0.171273314423029E+003  0.102062090078725E+001 -0.504097206283362E+000  0.429150133630596E+001
  0.100000000000000E+001  0.171266226948465E+003  0.110692296052823E+001 -0.150589159447577E+000  0.521586947717587E+001
  0.100000000000000E+001  0.171259798292517E+003  0.106715275179631E+001 -0.957231078955502E+000  0.427256593741107E+001
  0.100000000000000E+001  0.171259341638738E+003  0.106369240400432E+001  0.666753448050542E+000  0.507227896916343E+001
  0.100000000000000E+001  0.171246915611407E+003  0.909835705165605E+000  0.102533415434623E+001  0.499033580562458E+001
  0.100000000000000E+001  0.171241340644594E+003  0.103204946096881E+001  0.100410348950609E+001  0.522957512914267E+001
  0.100000000000000E+001  0.171219899422268E+003  0.111058911127455E+001 -0.107774716334576E+001  0.541970378747182E+001
  0.100000000000000E+001  0.171204944665803E+003  0.102676050627592E+001 -0.910174601808421E+000  0.487144353334941E+001
  0.100000000000000E+001  0.171202619712998E+003  0.964249033628660E+000  0.225503713213925E+000  0.530959290318938E+001
  0.100000000000000E+001  0.171182451919220E+003  0.101262596528671E+001  0.124959919481925E+001  0.455222771798576E+001
  0.100000000000000E+001  0.171176780999414E+003  0.106890927578564E+001 -0.387507481905857E+000  0.415867199827782E+001
  0.100000000000000E+001  0.171169375903740E+003  0.114470445403411E+001 -0.961438744734849E+000  0.472297997946229E+001
  0.100000000000000E+001  0.171165541399627E+003  0.106410477376934E+001 -0.130324475179066E+001  0.492534163314284E+001
  0.100000000000000E+001  0.171153177500647E+003  0.902792901225220E+000  0.203872931781564E+001  0.474572316205320E+001
  0.100000000000000E+001  0.171143450178707E+003  0.112405098168313E+001 -0.169754749127588E+001  0.499779294826514E+001
  0.100000000000000E+001  0.171139721663137E+003  0.969051929897044E+000  0.164218986007870E+001  0.519680498756016E+001
  0.100000000000000E+001  0.171137798281469E+003  0.100562549751729E+001  0.136910034640822E+001  0.466999075539878E+001
  0.100000000000000E+001  0.171110375559853E+003  0.907786100858221E+000  0.130965207876463E+001  0.506397090049309E+001
  0.100000000000000E+001  0.171108849944926E+003  0.923459720227012E+000  0.117767304549206E+001  0.444767072125973E+001
  0.100000000000000E+001  0.171107577746040E+003  0.111575291239337E+001 -0.900294883114157E+000  0.435780569288976E+001
  0.100000000000000E+001  0.171092129103863E+003  0.114932141709237E+001 -0.140798448065269E+001  0.473814843519570E+001
  0.100000000000000E+001  0.171082995861438E+003  0.900250544926575E+000  0.158084660146474E+001  0.497048848635983E+001
  0.100000000000000E+001  0.171078910130477E+003  0.956434611678804E+000  0.178961979200898E+001  0.506505749406179E+001
  0.100000000000000E+001  0.171073967271823E+003  0.100713757134286E+001  0.115232844423986E+000  0.550159107442039E+001
  0.100000000000000E+001  0.171066651460844E+003  0.100385468172033E+001 -0.529865885009386E+000  0.474265718201613E+001
  0.100000000000000E+001  0.171046885136478E+003  0.114735198216922E+001 -0.145924228327269E+001  0.488367427803561E+001
  0.100000000000000E+001  0.171041045220214E+003  0.102447884036381E+001  0.113007050700296E+001  0.487128488358708E+001
  0.100000000000000E+001  0.171030983076844E+003  0.977541529689677E+000  0.138622706096707E+001  0.528190422056693E+001
  0.100000000000000E+001  0.171030010820339E+003  0.915724900704900E+000  0.152077805205917E+001  0.516830013386409E+001
  0.100000000000000E+001  0.171020841471031E+003  0.100874520926737E+001  0.116106026658541E+001  0.520245873176216E+001
  0.100000000000000E+001  0.171016859074788E+003  0.106227715399208E+001 -0.104280228844283E+001  0.521161577929328E+001
  0.100000000000000E+001  0.171009503167457E+003  0.102965401110920E+001 -0.356387589966019E+000  0.542174802044889E+001
  0.100000000000000E+001  0.171002531701600E+003  0.108217703278274E+001 -0.392580510417872E+000  0.540978435501601E+001
  0.100000000000000E+001  0.171002030396456E+003  0.103938539144844E+001  0.113098652063428E-001  0.416815878071061E+001
  0.100000000000000E+001  0.170988766379553E+003  0.954691083220844E+000  0.667576808641812E+000  0.436176784441256E+001
  0.100000000000000E+001  0.170966653977570E+003  0.958332673183212E+000  0.138659751495875E+001  0.530210653041532E+001
  0.100000000000000E+001  0.170957470698068E+003  0.968988753425812E+000  0.235962065063177E+000  0.446511500057587E+001
  0.100000000000000E+001  0.170953541235640E+003  0.911947993468528E+000  0.166149671630238E+001  0.465158732045659E+001
  0.100000000000000E+001  0.170951302502250E+003  0.107269962280114E+001 -0.117850568236619E+000  0.537619156891433E+001
  0.100000000000000E+001  0.170947876432302E+003  0.107919395911664E+001 -0.180283024506736E-001  0.528237682637024E+001
  0.100000000000000E+001  0.170934599601962E+003  0.113882786628417E+001 -0.111700566211400E+001  0.483648057044115E+001
  0.100000000000000E+001  0.170891642923527E+003  0.931031425245395E+000  0.179987197949816E+001  0.470514673709992E+001
  0.100000000000000E+001  0.170879275075560E+003  0.912193903448655E+000  0.147995925131545E+001  0.484521971061193E+001
  0.100000000000000E+001  0.170848810758405E+003  0.102396039610949E+001 -0.644970194148343E+000  0.464704026401923E+001
  0.100000000000000E+001  0.170845810438723E+003  0.105816930506049E+001 -0.105922778561245E+001  0.475530881486801E+001
  0.100000000000000E+001  0.170835967556286E+003  0.108168598409760E+001 -0.113777322252560E+001  0.511665215305682E+001
  0.100000000000000E+001  0.170834903818403E+003  0.101341277443319E+001  0.656102788566045E+000  0.536202138254933E+001
  0.100000000000000E+001  0.170832021294988E+003  0.109801171840476E+001 -0.116061711459737E+001  0.515280229780238E+001
  0.100000000000000E+001  0.170819990142896E+003  0.916734418770220E+000  0.156557370500957E+001  0.478034776743725E+001
  0.100000000000000E+001  0.170818752915017E+003  0.962095086403182E+000  0.396294876213446E+000  0.452970020931503E+001
  0.100000000000000E+001  0.170810581627139E+003  0.101532872535236E+001 -0.258863564130621E+000  0.437098031388415E+001
  0.100000000000000E+001  0.170797903316234E+003  0.925130234253660E+000  0.153192014374849E+001  0.501550609432010E+001
  0.100000000000000E+001  0.170790100470053E+003  0.108290859493059E+001  0.118172664705781E+000  0.485119545965604E+001
  0.100000000000000E+001  0.170782684536096E+003  0.101125514387357E+001  0.114007338733485E+001  0.485984629302230E+001
  0.100000000000000E+001  0.170779837282777E+003  0.990297393367839E+000  0.429201263961957E+000  0.534722592280138E+001
  0.100000000000000E+001  0.170773103810398E+003  0.105930290446365E+001 -0.102718202499864E+001  0.477271424591244E+001
  0.100000000000000E+001  0.170765297652078E+003  0.110555955609385E+001 -0.115589948289731E+001  0.509062142769964E+001
  0.100000000000000E+001  0.170743405601548E+003  0.109830825467920E+001 -0.680147776800169E+000  0.443532728658445E+001
  0.100000000000000E+001  0.170742591898192E+003  0.927646090333835E+000  0.144115937626334E+001  0.464549788590220E+001
  0.100000000000000E+001  0.170731925693458E+003  0.104724470310393E+001  0.251437994970132E+000  0.528327521932866E+001
  0.100000000000000E+001  0.170730281956923E+003  0.995191039487015E+000  0.123119839407303E+001  0.462409633538520E+001
  0.100000000000000E+001  0.170724716733090E+003  0.109552983910260E+001 -0.174287677291090E+000  0.483917694202803E+001
  0.100000000000000E+001  0.170723320703237E+003  0.935362555021641E+000  0.934688472539577E+000  0.473048452354990E+001
  0.100000000000000E+001  0.170712091175056E+003  0.108224080296147E+001 -0.297727513048869E+000  0.521305030749164E+001
  0.100000000000000E+001  0.170710221507279E+003  0.104790188454628E+001  0.230349829871045E+000  0.527353581549942E+001
  0.100000000000000E+001  0.170709209401076E+003  0.104437209099502E+001  0.655409199537445E+000  0.470425204380745E+001
  0.100000000000000E+001  0.170702466976962E+003  0.964121511412306E+000  0.316251680597219E+000  0.487569310776858E+001
  0.100000000000000E+001  0.170698412795494E+003  0.103537114157532E+001 -0.508636468867621E+000  0.443235812911749E+001
  0.100000000000000E+001  0.170695533001086E+003  0.949346024656566E+000  0.159301414216965E+001  0.479765087623922E+001
  0.100000000000000E+001  0.170663240859248E+003  0.108724285786994E+001 -0.929237452768646E+000  0.512744967303149E+001
  0.100000000000000E+001  0.170655772984233E+003  0.105687196123596E+001 -0.291668756364174E+000  0.528720817887009E+001
  0.100000000000000E+001  0.170640428360128E+003  0.104445753924353E+001  0.461270570063604E+000  0.448639236174972E+001
  0.100000000000000E+001  0.170637561747109E+003  0.104576891204842E+001 -0.728385238198300E+000  0.458694092705858E+001
  0.100000000000000E+001  0.170632766551075E+003  0.107286777499963E+001 -0.238350498278749E+000  0.439415714302403E+001
  0.100000000000000E+001  0.170614430814106E+003  0.104378304157953E+001 -0.636175544049905E+000  0.452129122086422E+001
  0.100000000000000E+001  0.170611775002543E+003  0.108118578969368E+001  0.358500994832411E-002  0.481942588755788E+001
  0.100000000000000E+001  0.170583173461661E+003  0.109898166622059E+001 -0.103423871357548E+001  0.464282792068241E+001
  0.100000000000000E+001  0.170580456659665E+003  0.968366579308179E+000  0.963961501564910E+000  0.516263568164025E+001
  0.100000000000000E+001  0.170541107724590E+003  0.106993728256820E+001 -0.761551605797280E+000  0.508244381421325E+001
  0.100000000000000E+001  0.170539585330096E+003  0.108331671026255E+001 -0.767560724433352E+000  0.450450641613957E+001
  0.100000000000000E+001  0.170534352416254E+003  0.969480034155326E+000  0.113914797052261E+001  0.451622268285416E+001
  0.100000000000000E+001  0.170532078953011E+003  0.106415612254779E+001 -0.518936748131893E+000  0.441714711761768E+001
  0.100000000000000E+001  0.170524487787981E+003  0.109243407491530E+001 -0.963905871502149E+000  0.494083064622932E+001
  0.100000000000000E+001  0.170523001721145E+003  0.102734850527209E+001  0.119488405491168E+000  0.523954429283182E+001
  0.100000000000000E+001  0.170512138083634E+003  0.105300092230913E+001  0.565248640846647E-001  0.516674344474957E+001
  0.100000000000000E+001  0.170491175335617E+003  0.107931820108668E+001 -0.148831473640399E+000  0.495393818339285E+001
  0.100000000000000E+001  0.170475436124860E+003  0.107990293835709E+001 -0.904817409800344E+000  0.489923944378717E+001
  0.100000000000000E+001  0.170461380775804E+003  0.102824878327385E+001  0.682253321321227E+000  0.490408454136936E+001
  0.100000000000000E+001  0.170453205531780E+003  0.992088002702747E+000  0.455478947048533E-001  0.480513344643202E+001
  0.100000000000000E+001  0.170446174515044E+003  0.995118652676406E+000  0.505196577216637E+000  0.515648328191057E+001
  0.100000000000000E+001  0.170429148969722E+003  0.981473501021458E+000  0.963997180534292E+000  0.452450420322403E+001
  0.100000000000000E+001  0.170425586025499E+003  0.990552224555728E+000  0.124873363680550E+000  0.467043781230966E+001
  0.100000000000000E+001  0.170419465652343E+003  0.101652407849407E+001 -0.145641101477096E+000  0.452696281376390E+001
  0.100000000000000E+001  0.170407136434676E+003  0.102584238244705E+001 -0.385827660593634E-001  0.513687866187398E+001
  0.100000000000000E+001  0.170390477029405E+003  0.104775719569916E+001 -0.554793354419601E+000  0.461699182110110E+001
  0.100000000000000E+001  0.170383361707802E+003  0.973928765768593E+000  0.753939359963383E+000  0.501778021468642E+001
  0.100000000000000E+001  0.170376604538852E+003  0.104172025592775E+001 -0.539286262814770E+000  0.476675645445056E+001
  0.100000000000000E+001  0.170367749384254E+003  0.101966981813616E+001 -0.211869828265606E+000  0.460735597169285E+001
  0.100000000000000E+001  0.170364872206954E+003  0.994847532781519E+000  0.956846966622805E+000  0.468040324535794E+001
  0.100000000000000E+001  0.170352315166684E+003  0.101411518010062E+001  0.584218041406388E+000  0.450458824783311E+001
  0.100000000000000E+001  0.170346522134920E+003  0.105382872460043E+001 -0.612000715888300E+000  0.483210747764658E+001
  0.100000000000000E+001  0.170344746046465E+003  0.986832467575726E+000  0.817678056784359E+000  0.501191795379503E+001
  0.100000000000000E+001  0.170343354927420E+003  0.108263142567193E+001 -0.570464784115487E+000  0.468238398416776E+001
  0.100000000000000E+001  0.170342017133792E+003  0.104324886265245E+001 -0.385911467800398E+000  0.500126674551734E+001
  0.100000000000000E+001  0.170333158093363E+003  0.102811818489962E+001  0.109915573763445E+000  0.510122121483655E+001
  0.100000000000000E+001  0.170318471091836E+003  0.103312622736582E+001  0.200798599633231E+000  0.506934904642819E+001
  0.100000000000000E+001  0.170303645461100E+003  0.997274332794962E+000  0.794205950634478E+000  0.494691151417736E+001
  0.100000000000000E+001  0.170288968860999E+003  0.105424195097687E+001 -0.496549005330507E+000  0.464380587022449E+001
  0.100000000000000E+001  0.170287733811758E+003  0.104341382856738E+001  0.207095084506534E+000  0.457982469770916E+001
  0.100000000000000E+001  0.170270120678784E+003  0.981930138836463E+000  0.882952052565471E+000  0.468955600294095E+001
  0.100000000000000E+001  0.170261893794673E+003  0.104265152353332E+001  0.293277934144513E+000  0.478152488975038E+001
  0.100000000000000E+001  0.170252129480135E+003  0.995266275566073E+000  0.502669910507095E+000  0.497413508363977E+001
  0.100000000000000E+001  0.170248359269957E+003  0.105794520672809E+001 -0.230436832949636E+000  0.458943104059285E+001
  0.100000000000000E+001  0.170240001197569E+003  0.999165614058270E+000  0.313365205610225E+000  0.459287555719387E+001
  0.100000000000000E+001  0.170238311720245E+003  0.105633923415531E+001 -0.183706696406915E+000  0.493462613007185E+001
  0.100000000000000E+001  0.170178533334702E+003  0.103607563469465E+001 -0.205520568700251E+000  0.480357434542049E+001
  0.100000000000000E+001  0.170167468659110E+003  0.104091639910552E+001 -0.128850084181664E+000  0.487638838649567E+001
