  0.100000000000000E+001  0.247045550763741E+003  0.565716604492401E+000  0.479296416571017E+001  0.440567868401443E+002
  0.100000000000000E+001  0.247047608805694E+003 -0.427797935030844E+000  0.181654314590592E+002  0.253329113145158E+002
  0.100000000000000E+001  0.247217545190425E+003  0.248506068250403E+001 -0.141468914728036E+002  0.437297797229030E+002
  0.100000000000000E+001  0.247264929506492E+003  0.145666844357869E+001  0.146936031807578E+002  0.435235810433034E+002
  0.100000000000000E+001  0.247355750832646E+003  0.250844629445597E-001  0.194699399077466E+002  0.453460218463033E+002
  0.100000000000000E+001  0.247371605470384E+003 -0.735948110398081E+000  0.280180140280132E+002  0.248111307831736E+002
  0.100000000000000E+001  0.242974409376370E+003  0.221496134987711E+001  0.812629069985391E+000  0.351825035742640E+002
  0.100000000000000E+001  0.242995973784305E+003  0.119385955937984E+000  0.152957420047829E+002  0.243130439691538E+002
  0.100000000000000E+001  0.254954186190704E+003  0.375361945886293E+001 -0.689406511501929E+001  0.392060910083704E+002
  0.100000000000000E+001  0.247466731164182E+003  0.341467191846788E+001 -0.240186030601799E+002  0.382248898192624E+002
  0.100000000000000E+001  0.256407432859779E+003  0.382656251786603E+001 -0.428961484104489E+002  0.494155981339334E+002
  0.100000000000000E+001  0.247516769234022E+003 -0.107349121161721E+001  0.439460123023040E+002  0.359356318209324E+002
  0.100000000000000E+001  0.253048004938303E+003  0.238189271602575E+001 -0.205170322150064E+002  0.516231028207565E+002
  0.100000000000000E+001  0.247560359102157E+003  0.229084293096057E+001 -0.176888582387292E+002  0.429363294086375E+002
  0.100000000000000E+001  0.247624936044268E+003 -0.720323518146229E+000  0.171648090595088E+002  0.328021289141979E+002
  0.100000000000000E+001  0.247711560251585E+003 -0.598281966247558E+000  0.235502128499955E+002  0.433414948757316E+002
  0.100000000000000E+001  0.251507902975682E+003  0.344775996897254E+001 -0.701181497976961E+001  0.399278716653154E+002
  0.100000000000000E+001  0.247865002847005E+003  0.224811397008779E+000  0.324868205251894E+002  0.422361262257908E+002
  0.100000000000000E+001  0.251111266165703E+003 -0.178105365565374E+001  0.427930646768058E+002  0.305187518343389E+002
  0.100000000000000E+001  0.251081004899530E+003 -0.601634562989162E-001  0.377202289685021E+002  0.465883149672723E+002
  0.100000000000000E+001  0.242997086019403E+003  0.187037167476149E+001  0.900916043292781E+001  0.313892904848608E+002
  0.100000000000000E+001  0.243031157266374E+003  0.164445820610845E+001 -0.328063410092999E+001  0.389062728954301E+002
  0.100000000000000E+001  0.247917847538096E+003 -0.103567012910284E+001  0.371031476685821E+002  0.416843924698491E+002
  0.100000000000000E+001  0.248126511441659E+003  0.142827400439289E+000  0.167075997391484E+002  0.207773605930459E+002
  0.100000000000000E+001  0.248220840268607E+003 -0.699374805250428E+000  0.359546512429789E+002  0.248442411352875E+002
  0.100000000000000E+001  0.250437921002584E+003  0.222089011630508E+001 -0.957436964680022E+001  0.498496622554068E+002
  0.100000000000000E+001  0.248222624416641E+003 -0.341228994551068E-001  0.284128638904616E+002  0.457691617975064E+002
  0.100000000000000E+001  0.250270352219425E+003 -0.291428648652330E+000  0.842202236563656E+001  0.433450851139103E+002
  0.100000000000000E+001  0.248270593645807E+003  0.812613576209619E+000 -0.446856717736267E+000  0.227017690613761E+002
  0.100000000000000E+001  0.248465252541778E+003  0.228298003338710E+000  0.368290234348945E+002  0.377902868919526E+002
  0.100000000000000E+001  0.250027597416565E+003  0.240016982817142E+001 -0.156806337909080E+002  0.220803255528635E+002
  0.100000000000000E+001  0.249994140135904E+003  0.286848006414121E+001 -0.315191132707784E+002  0.341195865424851E+002
  0.100000000000000E+001  0.243036130171691E+003 -0.149716716286417E+000  0.289929340249014E+002  0.357263667755343E+002
  0.100000000000000E+001  0.243036687743679E+003  0.101510832560136E+001 -0.403166956472515E+001  0.322175478003134E+002
  0.100000000000000E+001  0.243046273140820E+003  0.154752703253331E+000  0.979161095636732E+001  0.278179750486646E+002
  0.100000000000000E+001  0.248558519728149E+003  0.250420635982049E+000  0.199209874204185E+002  0.476273460564071E+002
  0.100000000000000E+001  0.249532534102509E+003  0.101488881862312E+001  0.680194969944952E+001  0.190954078291270E+002
  0.100000000000000E+001  0.248761410040280E+003 -0.123826566181762E+001  0.403238866304159E+002  0.418073602320284E+002
  0.100000000000000E+001  0.248903222003731E+003  0.829740097435022E+000  0.416161396037707E+001  0.480364272344558E+002
  0.100000000000000E+001  0.248954647589270E+003 -0.130620676159426E+001  0.461195794670025E+002  0.389161742332603E+002
  0.100000000000000E+001  0.249155680819224E+003 -0.119376232434734E+001  0.462738890914412E+002  0.396688627466266E+002
  0.100000000000000E+001  0.249288885106741E+003  0.195908921892788E+001 -0.933425194739381E+001  0.480854576517477E+002
  0.100000000000000E+001  0.246950470990646E+003  0.238619254756965E+000  0.150923994251460E+001  0.320846730825004E+002
  0.100000000000000E+001  0.246803515902101E+003 -0.640681619200123E-002  0.112678221288950E+002  0.420895859776207E+002
  0.100000000000000E+001  0.243083043088688E+003  0.193207118409020E+001  0.768359648274352E+001  0.334484198597474E+002
  0.100000000000000E+001  0.246695261387422E+003 -0.982073939896532E+000  0.421813894398547E+002  0.327713484283514E+002
  0.100000000000000E+001  0.243097985764745E+003  0.141564894858728E+001 -0.877641169959118E+001  0.327720526754692E+002
  0.100000000000000E+001  0.246644234124394E+003  0.170508010792561E+001 -0.500950116859931E+001  0.445623386264256E+002
  0.100000000000000E+001  0.246608991034822E+003  0.260437066594908E+001  0.465512590471903E+000  0.289269373858657E+002
  0.100000000000000E+001  0.246598235351037E+003 -0.513550031513761E-001  0.196593488411429E+002  0.438804941655949E+002
  0.100000000000000E+001  0.243141323149122E+003  0.180941077430436E+001  0.580894110566078E+001  0.375707091207396E+002
  0.100000000000000E+001  0.243145859974679E+003  0.134644616244339E+001 -0.807597525047898E+001  0.328302114183214E+002
  0.100000000000000E+001  0.246438957714962E+003  0.125499435113505E+001  0.291977691274718E+001  0.449796543521895E+002
  0.100000000000000E+001  0.243159245679907E+003  0.914258826934490E+000  0.135351088772752E+002  0.396593015056950E+002
  0.100000000000000E+001  0.246371464724460E+003 -0.747714348606230E+000  0.411404683005247E+002  0.324001850995607E+002
  0.100000000000000E+001  0.246342930752920E+003 -0.677654185855989E+000  0.223331890480435E+002  0.391755761626087E+002
  0.100000000000000E+001  0.243168092889341E+003  0.207141253111029E+001 -0.121483028396866E+002  0.363754967709490E+002
  0.100000000000000E+001  0.246292390633307E+003  0.323247741891894E+001 -0.158783187490614E+002  0.298492153304525E+002
  0.100000000000000E+001  0.246157354644362E+003  0.579349589752870E+000  0.177759121444882E+002  0.209119800837295E+002
  0.100000000000000E+001  0.246099178961211E+003 -0.104200587980530E+001  0.399152145707025E+002  0.345664913112539E+002
  0.100000000000000E+001  0.246078194321293E+003  0.230207722081088E+001  0.282778745104227E+001  0.399005605481079E+002
  0.100000000000000E+001  0.246005289758067E+003  0.165825367086150E+000  0.204057199049833E+002  0.435253490078389E+002
  0.100000000000000E+001  0.245980744453290E+003  0.143011692570467E+001  0.169360107138008E+002  0.397285374521365E+002
  0.100000000000000E+001  0.245907368022691E+003  0.110325004073264E+001  0.227305379160161E+002  0.281102662337827E+002
  0.100000000000000E+001  0.245826683396822E+003 -0.413492975615634E+000  0.385744654136310E+002  0.344108887707622E+002
  0.100000000000000E+001  0.245825863553989E+003  0.885473286524878E+000 -0.633216935982632E+001  0.337640772618002E+002
  0.100000000000000E+001  0.245815288675536E+003 -0.102944231509293E+000  0.271489745209350E+002  0.420416204634203E+002
  0.100000000000000E+001  0.245807976603562E+003  0.242152655549594E+001 -0.531365167336743E+001  0.416123553630293E+002
  0.100000000000000E+001  0.245749052363323E+003  0.143301514258558E+001  0.110650014405965E+001  0.438600893507594E+002
  0.100000000000000E+001  0.243187444377640E+003  0.259843274739904E+001 -0.542908811761382E+001  0.302050212906107E+002
  0.100000000000000E+001  0.245657545695943E+003  0.321914730575799E-001  0.235611818034337E+002  0.425062469417192E+002
  0.100000000000000E+001  0.245656097040626E+003  0.130716344448434E+001 -0.726778939663660E+001  0.403199974278503E+002
  0.100000000000000E+001  0.245631198282374E+003  0.247665405041663E+001 -0.132011655391668E+001  0.393015715754635E+002
  0.100000000000000E+001  0.243196345479692E+003  0.103098588032479E+001  0.119038576321371E+002  0.397901864281669E+002
  0.100000000000000E+001  0.245599813400872E+003  0.144567292912713E+001  0.493272893155162E+001  0.207167412862012E+002
  0.100000000000000E+001  0.245560286958010E+003  0.586900558825394E+000  0.285429516124667E+002  0.371123245679091E+002
  0.100000000000000E+001  0.245552720393952E+003  0.278388516566170E+001 -0.496933198908671E+001  0.364188241324871E+002
  0.100000000000000E+001  0.245494699479513E+003  0.166296458068561E+001 -0.149072073519645E+002  0.344967561441005E+002
  0.100000000000000E+001  0.243199190901533E+003  0.223154724286913E+001  0.141806795395144E+001  0.349642240499125E+002
  0.100000000000000E+001  0.245335002832926E+003  0.423720680628549E+000  0.221231079015062E+002  0.421279497830863E+002
  0.100000000000000E+001  0.245209667037768E+003 -0.928070644827349E+000  0.362390528505291E+002  0.301610799988884E+002
  0.100000000000000E+001  0.245160065807210E+003  0.151188150095704E+001 -0.123532741549780E+002  0.357264292331510E+002
  0.100000000000000E+001  0.245139291312114E+003  0.181268250342288E+000  0.194835755927195E+002  0.421883691292917E+002
  0.100000000000000E+001  0.244939666943618E+003  0.106666295625185E+001 -0.557787521184881E+001  0.376061542621573E+002
  0.100000000000000E+001  0.244906041120641E+003  0.153946901724073E+001 -0.968523242928471E+001  0.255506218480865E+002
  0.100000000000000E+001  0.244904787015308E+003  0.251626463425226E+001 -0.629440896958143E+001  0.248884007459000E+002
  0.100000000000000E+001  0.244762109472921E+003  0.132933841855749E+001  0.123220298196278E+002  0.411446092808904E+002
  0.100000000000000E+001  0.244713739269787E+003  0.284866690436344E+001 -0.202531986542079E+002  0.351314053658105E+002
  0.100000000000000E+001  0.244686396169937E+003  0.264394395208145E+001 -0.196327870130215E+002  0.285278725262521E+002
  0.100000000000000E+001  0.244653970571337E+003  0.257230264867673E+001 -0.347247133943378E+001  0.368969462366907E+002
  0.100000000000000E+001  0.243214566547024E+003  0.112577212998242E+001  0.172336185933212E+002  0.369846014396147E+002
  0.100000000000000E+001  0.244570945914432E+003 -0.339700981681721E+000  0.297073758843911E+002  0.387985516240900E+002
  0.100000000000000E+001  0.244563201028970E+003  0.138186313379137E+001 -0.107443650751131E+002  0.324165407721021E+002
  0.100000000000000E+001  0.243219869074016E+003 -0.448088039032848E+000  0.315442535455269E+002  0.285376321476745E+002
  0.100000000000000E+001  0.244532519827763E+003  0.217342065400619E+001 -0.182464089081372E+002  0.315409903680965E+002
  0.100000000000000E+001  0.244519556966793E+003  0.203495320419737E+001 -0.168345052351697E+002  0.342130450659289E+002
  0.100000000000000E+001  0.244498637461474E+003 -0.866017174121741E+000  0.301770844314425E+002  0.334968307439166E+002
  0.100000000000000E+001  0.244464838917026E+003  0.129937761973656E+000  0.963813822852416E+001  0.261158273063191E+002
  0.100000000000000E+001  0.244459605476463E+003  0.229306070117852E+001 -0.370809327665360E+001  0.396484158577360E+002
  0.100000000000000E+001  0.244447833597531E+003  0.504008331736072E+000  0.511162502105799E+001  0.390559583407593E+002
  0.100000000000000E+001  0.244441542198601E+003  0.137273388720073E+001 -0.950297983547895E+001  0.357625554815301E+002
  0.100000000000000E+001  0.244413376883048E+003  0.608930868838685E+000  0.242471640579485E+001  0.256365516925866E+002
  0.100000000000000E+001  0.244412769377632E+003  0.205182781600103E+001  0.700449900930442E+001  0.279742761533764E+002
  0.100000000000000E+001  0.244388134919378E+003  0.166181073951601E+001  0.122585476393287E+002  0.373208231899743E+002
  0.100000000000000E+001  0.244356398916538E+003  0.211377182847055E+001 -0.123755526606768E+002  0.246614455049228E+002
  0.100000000000000E+001  0.244301266255118E+003  0.298880555782289E+001 -0.183308656550439E+002  0.322337102086786E+002
  0.100000000000000E+001  0.244294205092537E+003  0.195234514337656E+001 -0.150477752976530E+002  0.355949804755648E+002
  0.100000000000000E+001  0.244287931521020E+003  0.233445118493567E+001 -0.156018113979060E+002  0.374834100052654E+002
  0.100000000000000E+001  0.244240590363100E+003  0.128849296343278E+001  0.173582892250654E+002  0.372438049384116E+002
  0.100000000000000E+001  0.244118926921914E+003  0.230915138042419E+001 -0.184664999485690E+002  0.322756795283316E+002
  0.100000000000000E+001  0.244096255005966E+003  0.141776886846401E+001 -0.924758160179320E+001  0.277479855467340E+002
  0.100000000000000E+001  0.244081176819554E+003  0.199423151885867E+001 -0.879779867021961E+001  0.396341040487595E+002
  0.100000000000000E+001  0.244043580187599E+003  0.962777044648951E+000  0.226438978880703E+002  0.350296993721201E+002
  0.100000000000000E+001  0.244026070218862E+003  0.150400472345443E+001 -0.675854159356842E+001  0.242940089615112E+002
  0.100000000000000E+001  0.243945321026854E+003  0.430580181030442E+000  0.120463617268961E+002  0.403795881795216E+002
  0.100000000000000E+001  0.243934337715928E+003  0.221910026691176E+001 -0.111455195186436E+002  0.243857172084574E+002
  0.100000000000000E+001  0.243931006676429E+003  0.883542357986097E+000  0.843381129267780E+001  0.411684578863047E+002
  0.100000000000000E+001  0.243924717517266E+003  0.126758165280544E+001 -0.762590533178385E+001  0.352142096210781E+002
  0.100000000000000E+001  0.243902086201124E+003  0.975043791909659E+000  0.206130828004373E+002  0.371998466497863E+002
  0.100000000000000E+001  0.243888457653911E+003  0.168383854525589E+000  0.715485687990878E+001  0.332498707707715E+002
  0.100000000000000E+001  0.243878235881139E+003  0.719397827867978E+000  0.246354911399031E+002  0.358406580905296E+002
  0.100000000000000E+001  0.243869210005271E+003  0.214613752435427E+001 -0.164232967586794E+002  0.293448334506805E+002
  0.100000000000000E+001  0.243863662503377E+003 -0.361005475456455E-001  0.138410372565157E+002  0.260013697754292E+002
  0.100000000000000E+001  0.243843272559499E+003  0.164248585549875E+000  0.216049960823591E+002  0.229156862321681E+002
  0.100000000000000E+001  0.243783192928061E+003  0.224888323011261E+001 -0.133453315390389E+002  0.374919479759999E+002
  0.100000000000000E+001  0.243749947410674E+003  0.145920730265063E+001 -0.855254271833293E+001  0.364255111075949E+002
  0.100000000000000E+001  0.243741685979050E+003  0.117556153834966E+001  0.132601453672198E+002  0.398383846202035E+002
  0.100000000000000E+001  0.243731614281548E+003 -0.438788965503599E+000  0.343022451418228E+002  0.327201643884509E+002
  0.100000000000000E+001  0.243265774395109E+003  0.767642847408402E+000  0.242261318837338E+002  0.294960134880866E+002
  0.100000000000000E+001  0.243652033265589E+003  0.184896829399285E+000  0.264126582298098E+002  0.248489176755229E+002
  0.100000000000000E+001  0.243632245477539E+003  0.799997319768529E+000  0.178701287151297E+002  0.395751235613260E+002
  0.100000000000000E+001  0.243621297133056E+003  0.458810772485581E+000  0.254879329267719E+002  0.370961352419882E+002
  0.100000000000000E+001  0.243620518063083E+003  0.102888454622537E+001  0.110313726138791E+001  0.393979468833869E+002
  0.100000000000000E+001  0.243620141532284E+003  0.233634143005317E+001 -0.117591233044034E+002  0.377387641203140E+002
  0.100000000000000E+001  0.243560675058063E+003  0.472796759530373E+000  0.136636800584232E+002  0.401169912689274E+002
  0.100000000000000E+001  0.243557667128936E+003  0.247946409173122E+001 -0.446997460607115E+001  0.360863054504127E+002
  0.100000000000000E+001  0.243557473152750E+003  0.417687556014423E+000  0.268472409242333E+002  0.269532658888921E+002
  0.100000000000000E+001  0.243299976200622E+003 -0.359704297003461E+000  0.298806707964871E+002  0.269230003386559E+002
  0.100000000000000E+001  0.243537337579730E+003  0.749898776011220E-001  0.297410606385399E+002  0.356967484992950E+002
  0.100000000000000E+001  0.243512869828205E+003  0.207244273288346E+000  0.715109816485005E+001  0.330401399238191E+002
  0.100000000000000E+001  0.243308866963614E+003  0.295211951759295E-001  0.304778705906166E+002  0.343856737520610E+002
  0.100000000000000E+001  0.243422253399610E+003  0.162798602510466E+001  0.101555768188496E+001  0.400436539459396E+002
  0.100000000000000E+001  0.243413409218098E+003  0.490941845542857E+000  0.491247126450996E+001  0.364666050184459E+002
  0.100000000000000E+001  0.243392040593867E+003  0.147077855764046E+001 -0.282307638714283E+001  0.393376603093620E+002
  0.100000000000000E+001  0.243385852698182E+003  0.159219624623741E+001  0.254910836283196E+001  0.220407692667023E+002
  0.100000000000000E+001  0.243385781586937E+003  0.933594067102915E+000 -0.330905601035550E+001  0.295501644250456E+002
  0.100000000000000E+001  0.243311263125347E+003  0.669147502055984E+000  0.212809882266887E+001  0.264549139514514E+002
  0.100000000000000E+001  0.243323006732069E+003  0.118125863525872E+001 -0.334222305290341E+001  0.373627328917410E+002
  0.100000000000000E+001  0.243329647611879E+003  0.130003518941669E+001  0.178150802301859E+001  0.399923909789690E+002
  0.100000000000000E+001  0.243324634816159E+003  0.605813829755810E-001  0.261630231297981E+002  0.376447801081549E+002
  0.100000000000000E+001  0.242964717710778E+003  0.109032487225143E+001  0.201159956180607E+002  0.300844358651593E+002
  0.100000000000000E+001  0.242950040737163E+003  0.137716987497847E+001  0.117888894110718E+002  0.240915491252511E+002
  0.100000000000000E+001  0.242912312970177E+003 -0.414184701296883E+000  0.304973447729045E+002  0.284219820318620E+002
  0.100000000000000E+001  0.242907175773436E+003  0.124939759263690E+001  0.724594536850515E+001  0.395278821800310E+002
  0.100000000000000E+001  0.242899974073123E+003  0.108858084755447E+001  0.148309357507193E+001  0.385541960233598E+002
  0.100000000000000E+001  0.242881673195775E+003  0.949227937308473E+000  0.793703565579094E+000  0.245689789583600E+002
  0.100000000000000E+001  0.242877879674576E+003 -0.328531270473027E+000  0.206005116788269E+002  0.343275981974871E+002
  0.100000000000000E+001  0.242872755846278E+003  0.194867737497319E+001 -0.130342040736267E+002  0.336399931184593E+002
  0.100000000000000E+001  0.242871724115208E+003  0.255280060837961E+001 -0.141854092760050E+002  0.341670240005840E+002
  0.100000000000000E+001  0.242870103460308E+003  0.201084717787411E+001  0.602992652747217E+001  0.330079432227261E+002
  0.100000000000000E+001  0.242856556855222E+003  0.141986802061279E+001  0.656833113130526E+001  0.391220587626477E+002
  0.100000000000000E+001  0.242817358302259E+003  0.330335469214794E+000  0.280243495593896E+002  0.299504679529144E+002
  0.100000000000000E+001  0.242815757402314E+003  0.195952649222358E+001  0.665617991740710E+001  0.287743232571151E+002
  0.100000000000000E+001  0.242807155696488E+003  0.254247671718655E+001 -0.986056143935824E+001  0.349118095049942E+002
  0.100000000000000E+001  0.242773032572708E+003  0.567430286278789E+000  0.240128344958344E+002  0.265228853854592E+002
  0.100000000000000E+001  0.242768941942145E+003  0.971974402210483E+000  0.190150457071085E+002  0.360502299287596E+002
  0.100000000000000E+001  0.242740366002708E+003  0.551172569401770E+000  0.233046504230860E+002  0.361377484366282E+002
  0.100000000000000E+001  0.242737714282201E+003 -0.345976087138747E+000  0.237368349851315E+002  0.349814780322137E+002
  0.100000000000000E+001  0.242725573678417E+003  0.233900504181100E+001 -0.926812232646789E+001  0.255283002995036E+002
  0.100000000000000E+001  0.242703045094412E+003  0.228803277771292E+001 -0.151616306573813E+002  0.324166942479084E+002
  0.100000000000000E+001  0.242697293300125E+003  0.162552627577247E+000  0.945290197037417E+001  0.293940024087246E+002
  0.100000000000000E+001  0.242697269568415E+003  0.154289764474631E+001 -0.897865639691652E+001  0.337763668345879E+002
  0.100000000000000E+001  0.242685684049736E+003  0.211484912647266E+001 -0.144523668334503E+002  0.306247335385362E+002
  0.100000000000000E+001  0.242674987838849E+003  0.310219253120986E+000  0.817873351225302E+001  0.347686970188568E+002
  0.100000000000000E+001  0.242637342717092E+003 -0.277809155207466E+000  0.306414491194917E+002  0.329027992840155E+002
  0.100000000000000E+001  0.242637160554235E+003 -0.367263921917854E+000  0.213036139540377E+002  0.329078821875290E+002
  0.100000000000000E+001  0.242633016223792E+003  0.242708513656262E+000  0.889785650584972E+001  0.278356135610901E+002
  0.100000000000000E+001  0.242630980899721E+003 -0.507104245352204E+000  0.295596560558457E+002  0.306356778966651E+002
  0.100000000000000E+001  0.242628860217099E+003  0.633086420160200E+000  0.701263814796906E+001  0.376257224432050E+002
  0.100000000000000E+001  0.242596602845441E+003  0.248284417921640E+001 -0.149755187849724E+002  0.325570104812624E+002
  0.100000000000000E+001  0.242588423346622E+003  0.114665047091774E+001  0.152915254657036E+002  0.368511479651963E+002
  0.100000000000000E+001  0.242586582506600E+003  0.251734182972237E+001 -0.605419539692416E+001  0.288086565538853E+002
  0.100000000000000E+001  0.242580677200778E+003  0.261252823766712E+001 -0.899451795935806E+001  0.294820329083195E+002
  0.100000000000000E+001  0.242567572161516E+003  0.291662789407240E+000  0.148024345266408E+002  0.377987891811575E+002
  0.100000000000000E+001  0.242564035862748E+003  0.899822094615902E+000  0.202587253725000E-001  0.353821829784129E+002
  0.100000000000000E+001  0.242531603516439E+003  0.640784432957020E+000  0.188069516815816E+001  0.317992998153150E+002
  0.100000000000000E+001  0.242516593628877E+003  0.232020605019553E+001 -0.104457719124981E+002  0.356107328852804E+002
  0.100000000000000E+001  0.242515209038296E+003  0.242338458494699E+001 -0.550088171647502E+001  0.344520085630368E+002
  0.100000000000000E+001  0.242507390771708E+003  0.887241577940290E+000 -0.864037069842198E+000  0.337684151003223E+002
  0.100000000000000E+001  0.242504329518326E+003  0.159004630822315E+001  0.118456554905061E+002  0.280224185650345E+002
  0.100000000000000E+001  0.242487372286254E+003  0.230233579229280E+001 -0.142994778558420E+001  0.278643952685563E+002
  0.100000000000000E+001  0.242486668520177E+003  0.736039789997401E+000  0.162922050130363E+002  0.382294905933511E+002
  0.100000000000000E+001  0.242476258688221E+003  0.132381701905610E+001 -0.488009330529286E+001  0.354687284771794E+002
  0.100000000000000E+001  0.242454753930977E+003  0.134042218165028E+001  0.102712293565100E+002  0.377638796126562E+002
  0.100000000000000E+001  0.242432045457211E+003  0.155743726795100E+001  0.944523721590025E+001  0.364565668620785E+002
  0.100000000000000E+001  0.242431537656017E+003  0.105534098431020E+001 -0.116645739326590E+001  0.358548773262339E+002
  0.100000000000000E+001  0.242379676817505E+003  0.260243732677867E+000  0.270132174088044E+002  0.337255570367511E+002
  0.100000000000000E+001  0.242375311400016E+003  0.253674227059169E+001 -0.139691313557886E+002  0.296822961048053E+002
  0.100000000000000E+001  0.242373663358469E+003  0.192699740071790E+000  0.260307945003951E+002  0.352087732678676E+002
  0.100000000000000E+001  0.242373126377170E+003  0.289853309983711E+000  0.157426461988778E+002  0.375691538568911E+002
  0.100000000000000E+001  0.242356908354312E+003  0.829273208030076E+000  0.135854504168846E+001  0.352187049725693E+002
  0.100000000000000E+001  0.242354858130696E+003 -0.102870023799864E+000  0.242037323508981E+002  0.254711443133893E+002
  0.100000000000000E+001  0.242352335603814E+003  0.189575428591049E+001 -0.618095828822200E+001  0.370496769034621E+002
  0.100000000000000E+001  0.242352008964765E+003  0.357646295910672E+000  0.157503260951649E+002  0.378023111993284E+002
  0.100000000000000E+001  0.242348468580031E+003  0.543082951213814E+000  0.152335175022974E+002  0.382217399127509E+002
  0.100000000000000E+001  0.242329809046998E+003  0.765281130510909E-001  0.219476325321934E+002  0.244505563979208E+002
  0.100000000000000E+001  0.242309065138874E+003  0.671426340097202E+000  0.228857435540065E+002  0.341642973195114E+002
  0.100000000000000E+001  0.242275826363956E+003  0.166750422223479E+001 -0.484231600927757E+000  0.379661621316466E+002
  0.100000000000000E+001  0.242265614869348E+003  0.180563615373867E+001 -0.107029484129892E+002  0.281777397978833E+002
  0.100000000000000E+001  0.242232420821810E+003  0.332906563217760E+000  0.237996967061785E+002  0.253717631701696E+002
  0.100000000000000E+001  0.242223507351463E+003  0.120981534463240E+001  0.246022929777770E+001  0.380598995832243E+002
  0.100000000000000E+001  0.242209854309541E+003  0.189257018359701E+001 -0.653312565283692E+001  0.366530044713861E+002
  0.100000000000000E+001  0.242133907899932E+003  0.807505263837540E+000  0.112972918077844E+000  0.304285560153924E+002
  0.100000000000000E+001  0.242127854701424E+003  0.250564333411734E+001 -0.127870671877936E+002  0.319532581272380E+002
  0.100000000000000E+001  0.242110349871213E+003  0.180114172253785E+001  0.599443775618153E+001  0.258842740191095E+002
  0.100000000000000E+001  0.242098986438110E+003  0.130065442189625E+001  0.116673951902337E+002  0.367151107650087E+002
  0.100000000000000E+001  0.242089772253011E+003  0.193780456964870E+001 -0.109326301555597E+002  0.337060187871038E+002
  0.100000000000000E+001  0.242088220656104E+003  0.138560505541893E+001  0.111371348298832E+002  0.363030470287812E+002
  0.100000000000000E+001  0.242062570127621E+003  0.148236354635857E+001  0.126774633190859E+002  0.333863961746615E+002
  0.100000000000000E+001  0.242042741272827E+003  0.121995519820713E+001  0.658118587740627E+001  0.224308133934754E+002
  0.100000000000000E+001  0.242038103612393E+003  0.128299756304740E+001  0.911896857806789E+001  0.376304995182395E+002
  0.100000000000000E+001  0.242025659352451E+003  0.219282700288270E+001 -0.618624813880899E+000  0.338282581815005E+002
  0.100000000000000E+001  0.242019711888384E+003  0.164973551138067E+001 -0.458079493162315E+001  0.366040817725491E+002
  0.100000000000000E+001  0.242018746792567E+003  0.372423481357491E+000  0.218914462409051E+002  0.362113084723540E+002
  0.100000000000000E+001  0.241998869367843E+003  0.531207432665489E+000  0.216653659492363E+002  0.357140389582633E+002
  0.100000000000000E+001  0.241957812552187E+003  0.245306874899812E+001 -0.128680527418500E+002  0.311488562890216E+002
  0.100000000000000E+001  0.241950796595060E+003  0.198615602611182E+001  0.485429363247513E+001  0.295975401264132E+002
  0.100000000000000E+001  0.241942465344701E+003  0.713651300157512E-001  0.270170390882639E+002  0.274936296823015E+002
  0.100000000000000E+001  0.241941712087350E+003  0.196689717564800E+001  0.516806168592325E+001  0.316238153643696E+002
  0.100000000000000E+001  0.241895771261278E+003 -0.336793677211155E+000  0.243629031089970E+002  0.291515410086906E+002
  0.100000000000000E+001  0.241885853095850E+003  0.151089493454078E+001 -0.431687799449833E+001  0.247897576766226E+002
  0.100000000000000E+001  0.241812265450537E+003  0.137855207222685E+001 -0.631639914970505E+001  0.294536316396061E+002
  0.100000000000000E+001  0.241794954070895E+003  0.615403764438803E+000  0.208769519741807E+002  0.352787471638512E+002
  0.100000000000000E+001  0.241766165189157E+003  0.149875889412641E+001 -0.197447562882402E+000  0.371282900929659E+002
  0.100000000000000E+001  0.241741891791133E+003  0.113734067815437E+001 -0.678702569447964E+000  0.354091213639469E+002
  0.100000000000000E+001  0.241739044607542E+003  0.471135846063419E+000  0.105015948020939E+002  0.360812224064750E+002
  0.100000000000000E+001  0.241737617360149E+003  0.123572041901615E+001  0.162465294177078E+002  0.312747293439369E+002
  0.100000000000000E+001  0.241728058187914E+003  0.230275931766486E+001 -0.289605588886907E+001  0.319801723239989E+002
  0.100000000000000E+001  0.241721849920318E+003  0.245725921593740E+001 -0.765894204231209E+001  0.305755197346501E+002
  0.100000000000000E+001  0.241716290559101E+003  0.912105097675897E+000  0.110015569030905E+002  0.227225297527139E+002
  0.100000000000000E+001  0.241708488572615E+003  0.229171359559796E+001 -0.647886413078062E+001  0.339779744698400E+002
  0.100000000000000E+001  0.241697184653766E+003 -0.138339240995968E-001  0.149140220489782E+002  0.298369991669926E+002
  0.100000000000000E+001  0.241691564070869E+003  0.877336317189306E+000  0.153394788512853E+002  0.366293938135023E+002
  0.100000000000000E+001  0.241691117817113E+003  0.210856684896149E+001 -0.277345823880040E+000  0.266978863599922E+002
  0.100000000000000E+001  0.241681744283193E+003  0.158332845684495E+001 -0.209532692177307E+001  0.366223027317004E+002
  0.100000000000000E+001  0.241671373489928E+003 -0.165935475578251E+000  0.254589644315585E+002  0.333360107603428E+002
  0.100000000000000E+001  0.241669506596411E+003 -0.187638282281468E+000  0.242076072217301E+002  0.334155292748042E+002
  0.100000000000000E+001  0.241663603448937E+003  0.136668451354727E+001  0.126842291866234E+002  0.263153256081997E+002
  0.100000000000000E+001  0.241654149652950E+003  0.984632544237360E+000  0.190287277846194E+002  0.321916293205332E+002
  0.100000000000000E+001  0.241650097695381E+003  0.105721268265103E+001  0.184156899558191E+002  0.310538687517433E+002
  0.100000000000000E+001  0.241641460155257E+003  0.151646416768720E+001  0.422624295302293E+001  0.369929995300523E+002
  0.100000000000000E+001  0.241634153673729E+003  0.806744880378263E+000  0.686266968969721E+001  0.366965544631974E+002
  0.100000000000000E+001  0.241622110980091E+003  0.278888779863482E+000  0.104395476769701E+002  0.273420076102774E+002
  0.100000000000000E+001  0.241587160521852E+003  0.136077001805336E+001 -0.437730639606075E+001  0.339529235039518E+002
  0.100000000000000E+001  0.241578423068850E+003  0.181069250677961E-001  0.253729342271474E+002  0.337408636862031E+002
  0.100000000000000E+001  0.241559916255254E+003  0.198185222399229E+001  0.325814836360161E+001  0.277590992066786E+002
  0.100000000000000E+001  0.241557602172578E+003  0.112709206772635E+001  0.173545173822872E+002  0.295531887078738E+002
  0.100000000000000E+001  0.241550068203871E+003  0.755400931712123E+000  0.387496101047137E+001  0.344674940012510E+002
  0.100000000000000E+001  0.241549887788859E+003  0.132420327764169E+001 -0.514051813149534E+001  0.317540298707440E+002
  0.100000000000000E+001  0.241549095165965E+003  0.230848714525203E+001 -0.596748790339342E+001  0.331306985188379E+002
  0.100000000000000E+001  0.241546190611985E+003  0.112662606512009E+001  0.138894104354518E+002  0.246890396438161E+002
  0.100000000000000E+001  0.241544214123661E+003  0.183550303845279E+001 -0.552947146126201E+000  0.241585993039014E+002
  0.100000000000000E+001  0.241525664539593E+003  0.413323314142708E-001  0.246538773573489E+002  0.264708477420148E+002
  0.100000000000000E+001  0.241523516671660E+003  0.191927853891041E+001 -0.380109592520809E+001  0.357424133878714E+002
  0.100000000000000E+001  0.241521968774411E+003  0.229876611435735E+001 -0.943451870261916E+001  0.274974770235648E+002
  0.100000000000000E+001  0.241521634540649E+003  0.967795805092212E+000  0.848950335591880E+000  0.260956866797881E+002
  0.100000000000000E+001  0.241517706153943E+003  0.100498209893863E+001 -0.129594804936670E+001  0.290183190805217E+002
  0.100000000000000E+001  0.241510517447905E+003  0.268453596846678E+000  0.119323169608165E+002  0.262855228423885E+002
  0.100000000000000E+001  0.241496715543188E+003  0.211014980204883E+001 -0.263028062400384E+001  0.344545668448449E+002
  0.100000000000000E+001  0.241491517310412E+003  0.240748958415549E+001 -0.103275753239933E+002  0.300255631254054E+002
  0.100000000000000E+001  0.241478172708516E+003  0.163436530580636E+001  0.895826264741140E+001  0.271957017976182E+002
  0.100000000000000E+001  0.241450869834910E+003  0.500426160435680E+000  0.661751128001079E+001  0.326866901514760E+002
  0.100000000000000E+001  0.241445255557076E+003  0.500952996684466E+000  0.196018978085187E+002  0.356403975219134E+002
  0.100000000000000E+001  0.241440766192351E+003 -0.174238427083877E+000  0.199791011666351E+002  0.308165819228414E+002
  0.100000000000000E+001  0.241437543494514E+003  0.480029107464333E+000  0.645463444285501E+001  0.290287880949408E+002
  0.100000000000000E+001  0.241433398459636E+003  0.102375295491936E+001  0.114449633505098E+002  0.231985276229975E+002
  0.100000000000000E+001  0.241432257740604E+003  0.229068165923728E+001 -0.505492450801751E+001  0.326390813727875E+002
  0.100000000000000E+001  0.241430489229131E+003  0.907253288599900E+000  0.197516548717461E+002  0.292199896520846E+002
  0.100000000000000E+001  0.241422329118605E+003  0.171975507268812E+001  0.695054347584431E+001  0.266429745767799E+002
  0.100000000000000E+001  0.241409143300712E+003  0.179015343962899E+001 -0.128925890778490E+001  0.360130743201781E+002
  0.100000000000000E+001  0.241398742765201E+003  0.143755595193694E+001  0.121673374373463E+002  0.327522905030938E+002
  0.100000000000000E+001  0.241394686464171E+003  0.623517091882918E+000  0.830205497639736E+001  0.355966312263825E+002
  0.100000000000000E+001  0.241385400032428E+003  0.624389143604287E+000  0.171285047820126E+002  0.361196843119628E+002
  0.100000000000000E+001  0.241353402081284E+003  0.238207281033413E+000  0.106742248366298E+002  0.303201083763197E+002
  0.100000000000000E+001  0.241350910390498E+003  0.175724662226122E+001 -0.913567646600434E+001  0.302962638200374E+002
  0.100000000000000E+001  0.241345706472388E+003  0.589575978190699E+000  0.560550772496831E+001  0.329216894592971E+002
  0.100000000000000E+001  0.241320054992968E+003  0.284152282278981E+000  0.255036508525625E+002  0.298267198158419E+002
  0.100000000000000E+001  0.241318198513462E+003  0.295435653823489E+000  0.102086715584675E+002  0.321293717105042E+002
  0.100000000000000E+001  0.241310931652598E+003  0.178811052349091E+000  0.218356116062322E+002  0.254288489323112E+002
  0.100000000000000E+001  0.241305427802911E+003 -0.120256073755494E-001  0.162806685331208E+002  0.313341447598721E+002
  0.100000000000000E+001  0.241303368491534E+003  0.202850516063193E+001 -0.212654113370824E+001  0.345774250236379E+002
  0.100000000000000E+001  0.241290216834154E+003  0.224339308510185E+000  0.220371188025362E+002  0.346237209172529E+002
  0.100000000000000E+001  0.241278937737344E+003  0.137927310529829E+001  0.634430295677021E+001  0.364466668552207E+002
  0.100000000000000E+001  0.241271085824821E+003  0.133788355565980E+001  0.429246996178259E+001  0.231344171822831E+002
  0.100000000000000E+001  0.241253679580290E+003  0.859719619726453E+000  0.180229742326339E+002  0.258642909749040E+002
  0.100000000000000E+001  0.241238898723552E+003  0.156738022476661E+001 -0.614906857317871E+001  0.331318693856189E+002
  0.100000000000000E+001  0.241208366594563E+003  0.920523185462485E+000  0.176388153566977E+002  0.262431120865412E+002
  0.100000000000000E+001  0.241204042961647E+003  0.168285353345449E+001 -0.819368332306810E+001  0.297378097072359E+002
  0.100000000000000E+001  0.241191958120025E+003  0.211962205148142E+001 -0.254067837140396E+001  0.334304105506983E+002
  0.100000000000000E+001  0.241181936693172E+003 -0.127906613039825E+000  0.222465962852606E+002  0.279325717119721E+002
  0.100000000000000E+001  0.241172099203117E+003  0.207975283448858E+001 -0.331893426516635E+001  0.340148697237145E+002
  0.100000000000000E+001  0.241171895470245E+003  0.363714530868741E+000  0.919542341025053E+001  0.317795835566912E+002
  0.100000000000000E+001  0.241166041425597E+003  0.841832388693549E+000  0.418875360873444E+001  0.252307702401253E+002
  0.100000000000000E+001  0.241162589623914E+003  0.223336760933195E+001 -0.990356428483921E+001  0.315476054003747E+002
  0.100000000000000E+001  0.241158707454961E+003  0.194491641897316E+001  0.671983528355227E+000  0.258712442565355E+002
  0.100000000000000E+001  0.241150151417325E+003  0.214931324392539E+001 -0.125816846643229E+001  0.283187533389717E+002
  0.100000000000000E+001  0.241139323987381E+003  0.111399764672452E+001  0.117457804550574E+002  0.358316940701666E+002
  0.100000000000000E+001  0.241129423629734E+003 -0.110020674971006E+000  0.245379731419106E+002  0.318580422872752E+002
  0.100000000000000E+001  0.241117810626579E+003  0.175445824147634E+001 -0.328988981713192E+001  0.245977802702131E+002
  0.100000000000000E+001  0.241110130704134E+003 -0.186355102194868E-001  0.254237764858168E+002  0.317393421375584E+002
  0.100000000000000E+001  0.241107592618744E+003  0.156434184904297E+001 -0.472513141175281E+001  0.340768650930908E+002
  0.100000000000000E+001  0.241106544234874E+003  0.178467082990026E+001  0.572378805894428E+001  0.273430149664633E+002
  0.100000000000000E+001  0.241076707757808E+003  0.189514667539366E+001  0.363885041008450E+001  0.274816528475147E+002
  0.100000000000000E+001  0.241072615138015E+003  0.183773210281823E+001 -0.192458095738385E+001  0.246506737760390E+002
  0.100000000000000E+001  0.241062901058325E+003  0.449866997890159E+000  0.984893998513996E+001  0.339124662985226E+002
  0.100000000000000E+001  0.241046549909401E+003  0.450139616567513E+000  0.125613869552151E+002  0.351242688119007E+002
  0.100000000000000E+001  0.241026691773631E+003  0.177510605451405E+001 -0.785008243717203E+001  0.322259271089580E+002
  0.100000000000000E+001  0.241022365945065E+003  0.190753443882174E+001  0.968047887899942E+000  0.340341510771310E+002
  0.100000000000000E+001  0.241000907032053E+003  0.394633325552007E-002  0.173630582414434E+002  0.283791601070767E+002
  0.100000000000000E+001  0.240998436878759E+003  0.315135949837331E+000  0.236250002199955E+002  0.324463567503908E+002
  0.100000000000000E+001  0.240992740670489E+003  0.156923122449982E+001  0.100400418103261E+002  0.296544496097540E+002
  0.100000000000000E+001  0.240979709505467E+003  0.207739867846242E+000  0.241107365869129E+002  0.275131441317483E+002
  0.100000000000000E+001  0.240966368613411E+003  0.130821224199970E+001 -0.259539075525244E+001  0.333818183480003E+002
  0.100000000000000E+001  0.240964414743164E+003  0.569905719495401E+000  0.133918291168882E+002  0.356552939211853E+002
  0.100000000000000E+001  0.240963324288076E+003  0.105893065853258E+001  0.460252810902095E+001  0.357815911064988E+002
  0.100000000000000E+001  0.240944614850508E+003  0.127759272388553E+001  0.134450133383829E+002  0.325658644985990E+002
  0.100000000000000E+001  0.240926664576789E+003  0.199547017225575E+001 -0.157525378766407E+001  0.259991868994747E+002
  0.100000000000000E+001  0.240907454649042E+003  0.173223025005677E+001  0.706240042375808E+001  0.307939317124439E+002
  0.100000000000000E+001  0.240903900076185E+003  0.204314687474430E+001 -0.185010918163645E+001  0.265183193182678E+002
  0.100000000000000E+001  0.240900688734377E+003  0.958299321549883E+000  0.169212385348872E+002  0.331983123331391E+002
  0.100000000000000E+001  0.240897245711315E+003 -0.862339688142466E-002  0.207867064532106E+002  0.272106809266906E+002
  0.100000000000000E+001  0.240892091461046E+003  0.178267603030401E+001 -0.235050698323400E+001  0.348430120428077E+002
  0.100000000000000E+001  0.240888728720769E+003  0.205109966034125E+001 -0.434409916740110E+001  0.261771508827139E+002
  0.100000000000000E+001  0.240887306928613E+003  0.134903502938001E+001  0.612698937685843E+001  0.358064909387222E+002
  0.100000000000000E+001  0.240883996787200E+003  0.492101090515048E+000  0.217661491560738E+002  0.328028035313547E+002
  0.100000000000000E+001  0.240867902074676E+003  0.565505406531046E+000  0.106874660659124E+002  0.349308910482592E+002
  0.100000000000000E+001  0.240855571136743E+003  0.711762201826393E+000  0.120632699750794E+002  0.357299903431603E+002
  0.100000000000000E+001  0.240853536488787E+003  0.109898504629115E+001 -0.134280799094553E+001  0.305094237851499E+002
  0.100000000000000E+001  0.240840263016511E+003  0.755728624822893E+000  0.331213265072846E+001  0.292432712143063E+002
  0.100000000000000E+001  0.240839039304899E+003  0.223340775217846E+001 -0.499593343265950E+001  0.303784632178850E+002
  0.100000000000000E+001  0.240833284885978E+003  0.757349182561139E+000  0.161278774276516E+002  0.349681383634249E+002
  0.100000000000000E+001  0.240813656392154E+003  0.114085335116295E+001 -0.102446367282600E+001  0.324291897569157E+002
  0.100000000000000E+001  0.240796724033850E+003  0.102738102488884E+001  0.165796718108516E+002  0.275284492967186E+002
  0.100000000000000E+001  0.240786833028336E+003  0.182132810450636E+001 -0.139372875401294E+001  0.345286315934603E+002
  0.100000000000000E+001  0.240783913806102E+003  0.399533186245595E+000  0.164950237824070E+002  0.246486934063998E+002
  0.100000000000000E+001  0.240778219177842E+003  0.476421216605751E+000  0.882795773801533E+001  0.325184368541012E+002
  0.100000000000000E+001  0.240774614676417E+003  0.130449390342573E+001  0.103215727599782E+002  0.249840736734027E+002
  0.100000000000000E+001  0.240773518827953E+003  0.114780836431273E+001  0.437568365718909E+001  0.355957792425319E+002
  0.100000000000000E+001  0.240768068077160E+003  0.179459153066328E+001 -0.216683724315646E+001  0.345451095745368E+002
  0.100000000000000E+001  0.240753796304414E+003  0.844878726104756E+000  0.177505136863179E+002  0.263722845562128E+002
  0.100000000000000E+001  0.240747755465710E+003  0.141065418798340E+001  0.834913742086621E+001  0.248477026629058E+002
  0.100000000000000E+001  0.240744519627976E+003  0.613436933283097E+000  0.215290045138472E+002  0.303755905084944E+002
  0.100000000000000E+001  0.240742842242748E+003  0.950322931078952E+000  0.914655018330083E+001  0.357629263883351E+002
  0.100000000000000E+001  0.240723969348613E+003  0.542446012947743E+000  0.162143050337120E+002  0.243713945296255E+002
  0.100000000000000E+001  0.240717733618803E+003  0.144082955249228E+001 -0.487175989297793E+001  0.291120228714383E+002
  0.100000000000000E+001  0.240713851661423E+003  0.137720123518577E-001  0.178111443563863E+002  0.300668897855858E+002
  0.100000000000000E+001  0.240712842587871E+003  0.203023574831695E+001 -0.206311665625717E+001  0.328352258046083E+002
  0.100000000000000E+001  0.240706672069664E+003  0.211180133586574E+001 -0.160757436171033E+001  0.290703667694578E+002
  0.100000000000000E+001  0.240706054479722E+003  0.193993786958564E+001  0.117588910943910E+001  0.324879096407193E+002
  0.100000000000000E+001  0.240693342359635E+003  0.372204315867386E+000  0.193958992013941E+002  0.340786629090671E+002
  0.100000000000000E+001  0.240692394857554E+003  0.206316181423436E+001 -0.872973567609975E+000  0.281756238276142E+002
  0.100000000000000E+001  0.240678848236447E+003  0.142546172040466E+000  0.240543616195191E+002  0.285264283561964E+002
  0.100000000000000E+001  0.240676720752022E+003 -0.128038758577764E-001  0.234259216251079E+002  0.308752245042667E+002
  0.100000000000000E+001  0.240675634299491E+003  0.142865835940982E+001  0.104895662947674E+002  0.325752203307214E+002
  0.100000000000000E+001  0.240665956281298E+003 -0.267216709426332E-002  0.237314999704219E+002  0.305885253586983E+002
  0.100000000000000E+001  0.240664503367191E+003  0.209956133331288E+001 -0.479568699177941E+001  0.323520344996471E+002
  0.100000000000000E+001  0.240658058638216E+003  0.219115505754456E+001 -0.618663365787449E+001  0.287413306128497E+002
  0.100000000000000E+001  0.240656574118264E+003  0.141800897982224E+001 -0.354109472609842E+001  0.325465437427635E+002
  0.100000000000000E+001  0.240640918081630E+003  0.159423030640803E+001  0.872580150296534E+001  0.307847970202774E+002
  0.100000000000000E+001  0.240637317202420E+003  0.679202148785730E+000  0.195201053339834E+002  0.326800374862381E+002
  0.100000000000000E+001  0.240624493450337E+003  0.136373247375432E+001  0.572792967858456E+001  0.238946413253363E+002
  0.100000000000000E+001  0.240622201651418E+003  0.281749660699603E+000  0.176712730464652E+002  0.339015249852896E+002
  0.100000000000000E+001  0.240604496584510E+003  0.110058242569897E+001  0.377824568999330E+001  0.242578196356852E+002
  0.100000000000000E+001  0.240596162447104E+003  0.173373333717741E+000  0.216661210707609E+002  0.326893882354203E+002
  0.100000000000000E+001  0.240588925248851E+003  0.511520558130675E+000  0.201257099123100E+002  0.331837599936002E+002
  0.100000000000000E+001  0.240581353384336E+003  0.813806863454785E+000  0.869424902540234E+001  0.350788688139038E+002
  0.100000000000000E+001  0.240574503281971E+003  0.173896665822745E+001 -0.632981701656706E+001  0.274381749857300E+002
  0.100000000000000E+001  0.240568822730155E+003  0.349596679525277E-004  0.232713040833921E+002  0.295854767596162E+002
  0.100000000000000E+001  0.240567720006101E+003  0.125236467745032E+001  0.651749639206508E+001  0.237485455182944E+002
  0.100000000000000E+001  0.240559588828152E+003  0.232532496915664E+000  0.131796653058229E+002  0.307523615713692E+002
  0.100000000000000E+001  0.240550236972605E+003  0.921609216550351E+000  0.177774454404969E+002  0.308961598659515E+002
  0.100000000000000E+001  0.240548688185841E+003  0.124241568399286E+001  0.185683907423935E+001  0.346930505820008E+002
  0.100000000000000E+001  0.240546730320069E+003  0.414144271119261E+000  0.141578239624176E+002  0.251197006472081E+002
  0.100000000000000E+001  0.240546442747355E+003  0.102276932476501E+001  0.258331728183263E+001  0.337366869882795E+002
  0.100000000000000E+001  0.240539132992736E+003  0.722060839746647E+000  0.442000467774295E+001  0.299322205387903E+002
  0.100000000000000E+001  0.240512695395212E+003  0.300413394427578E+000  0.132141754459727E+002  0.269211056088841E+002
  0.100000000000000E+001  0.240512276988394E+003  0.108316047283603E+001  0.150944101344633E+002  0.322174531894068E+002
  0.100000000000000E+001  0.240511644402551E+003  0.738407302754398E+000  0.556681554420361E+001  0.265600746481387E+002
  0.100000000000000E+001  0.240511495784853E+003  0.916499732956959E+000  0.739052622804917E+001  0.240336525087847E+002
  0.100000000000000E+001  0.240506012409762E+003  0.280163547247201E+000  0.130832701286529E+002  0.274901348578397E+002
  0.100000000000000E+001  0.240493903191590E+003  0.257931098714115E+000  0.213671264441676E+002  0.266485792920127E+002
  0.100000000000000E+001  0.240490743423011E+003  0.215317066272182E+001 -0.569237412154426E+001  0.303834639485158E+002
  0.100000000000000E+001  0.240488703056239E+003  0.804649291676567E+000  0.989045424622367E+001  0.350437260700332E+002
  0.100000000000000E+001  0.240483614043186E+003  0.135346226565361E+001 -0.249572529879543E+001  0.268935788183074E+002
  0.100000000000000E+001  0.240474149166040E+003  0.491524005632475E+000  0.109874071562650E+002  0.257398760495064E+002
  0.100000000000000E+001  0.240467254168188E+003  0.664583771006007E+000  0.200043118768430E+002  0.314671065417120E+002
  0.100000000000000E+001  0.240453343776259E+003  0.148834400333065E+001  0.853598811889776E+001  0.328590999597413E+002
  0.100000000000000E+001  0.240446460229539E+003  0.191667285846572E+001 -0.606746719348925E+001  0.270130649763537E+002
  0.100000000000000E+001  0.240436109605774E+003  0.173994941111692E+001 -0.533360617167621E+001  0.324603771754545E+002
  0.100000000000000E+001  0.240423352113651E+003  0.213394547134940E+001 -0.532282773568839E+001  0.303211843382523E+002
  0.100000000000000E+001  0.240421334891212E+003  0.200144427017669E+001  0.173523662380376E+000  0.300058000225697E+002
  0.100000000000000E+001  0.240407298474322E+003  0.182806185085065E+001 -0.612882852757397E+001  0.272661573431323E+002
  0.100000000000000E+001  0.240405989809579E+003  0.171378997898503E+001 -0.641629578544020E+001  0.288067351615569E+002
  0.100000000000000E+001  0.240404666642680E+003  0.162861065636346E+001  0.129460205811894E+001  0.343232837489225E+002
  0.100000000000000E+001  0.240393480482068E+003  0.123549869490797E+001 -0.171653114019833E+000  0.331561728740902E+002
  0.100000000000000E+001  0.240385512185788E+003  0.141584800059130E+001 -0.155502860374889E+001  0.256596176163913E+002
  0.100000000000000E+001  0.240382479147272E+003  0.171462069850630E+001  0.598469692736276E+001  0.286771109653578E+002
  0.100000000000000E+001  0.240361397467151E+003  0.631946418382939E+000  0.202281555687659E+002  0.282265327255995E+002
  0.100000000000000E+001  0.240353084587515E+003  0.521104436802206E+000  0.214107797565907E+002  0.296870611531116E+002
  0.100000000000000E+001  0.240349882876363E+003  0.337667599807091E+000  0.214657869219330E+002  0.319589416568394E+002
  0.100000000000000E+001  0.240345893519155E+003  0.162678564037033E+001  0.730547309725347E+001  0.309406665190306E+002
  0.100000000000000E+001  0.240342409490429E+003  0.725716686610610E+000  0.536800690174012E+001  0.315653954410651E+002
  0.100000000000000E+001  0.240320740349256E+003  0.415844867966951E+000  0.102439949063810E+002  0.306207322762735E+002
  0.100000000000000E+001  0.240320693594903E+003  0.932468846269973E+000  0.259973085456916E+001  0.272914725958718E+002
  0.100000000000000E+001  0.240311715037767E+003  0.483340723093511E+000  0.111370465864529E+002  0.329730809153546E+002
  0.100000000000000E+001  0.240300382288460E+003  0.194388938585283E+001 -0.717667354416542E+001  0.298143855829833E+002
  0.100000000000000E+001  0.240293357746405E+003  0.993053872462317E-001  0.183718089702703E+002  0.283108182577046E+002
  0.100000000000000E+001  0.240291620832272E+003  0.806590377063969E+000  0.570079705492523E+001  0.259295329519198E+002
  0.100000000000000E+001  0.240277778163718E+003  0.154627152730858E+001  0.792069789470222E+001  0.272195107526351E+002
  0.100000000000000E+001  0.240267603040308E+003  0.219934459462570E+000  0.214773632178679E+002  0.274533120551906E+002
  0.100000000000000E+001  0.240266334634715E+003  0.137541044964103E+001  0.890938765322744E-001  0.250981831985445E+002
  0.100000000000000E+001  0.240264337792128E+003  0.390737218146116E+000  0.203358553337179E+002  0.266349201792258E+002
  0.100000000000000E+001  0.240262008850064E+003  0.164438267986350E+001  0.321434298220964E+001  0.253305891958882E+002
  0.100000000000000E+001  0.240251465170039E+003  0.143136672401744E+001  0.104447790307194E+002  0.288573128271934E+002
  0.100000000000000E+001  0.240246373040311E+003  0.915920791093915E+000  0.171727038637889E+002  0.306346212061003E+002
  0.100000000000000E+001  0.240236458612450E+003  0.872736104010210E-001  0.206606016120526E+002  0.284586323470659E+002
  0.100000000000000E+001  0.240229921226430E+003  0.248191979957264E+000  0.148965891547382E+002  0.315333850251430E+002
  0.100000000000000E+001  0.240216664443217E+003  0.722923319854862E+000  0.573583536603509E+001  0.314817512950586E+002
  0.100000000000000E+001  0.240212973202722E+003  0.144249796522991E+001 -0.302616859597698E+001  0.272605062592573E+002
  0.100000000000000E+001  0.240196447604330E+003  0.125182705189224E+001  0.962894381891169E+001  0.337981865612045E+002
  0.100000000000000E+001  0.240183124909706E+003  0.112293590758207E+001  0.100014470138012E+002  0.244615280880159E+002
  0.100000000000000E+001  0.240179462801061E+003  0.186808730232406E+001 -0.749270201590434E+000  0.264219455951789E+002
  0.100000000000000E+001  0.240174770596750E+003  0.933644764620870E+000  0.259057093614776E+001  0.311180330573071E+002
  0.100000000000000E+001  0.240151411800911E+003  0.186885091326854E+001 -0.640966379412153E+001  0.289866018165763E+002
  0.100000000000000E+001  0.240147603277143E+003  0.101024077729602E+001  0.159323322773312E+002  0.287635843049215E+002
  0.100000000000000E+001  0.240147212485783E+003  0.152945178897859E+001  0.548893742752755E+001  0.333865181682710E+002
  0.100000000000000E+001  0.240140770295974E+003  0.195966826147312E+001 -0.304739168458642E+001  0.317052356846473E+002
  0.100000000000000E+001  0.240140616263242E+003  0.963668574940084E+000  0.826984413955753E+001  0.241833936370219E+002
  0.100000000000000E+001  0.240132721994717E+003  0.191647600548719E+001  0.983074192919659E+000  0.300060327039673E+002
  0.100000000000000E+001  0.240130513666563E+003  0.145648772005091E+001  0.536588479528216E+001  0.248571894257918E+002
  0.100000000000000E+001  0.240126416475827E+003  0.150219236712851E+001 -0.122128753608297E+001  0.255274654741761E+002
  0.100000000000000E+001  0.240126243205941E+003  0.538143493375400E+000  0.159750882242234E+002  0.335940508110343E+002
  0.100000000000000E+001  0.240116176970740E+003  0.546518832009023E+000  0.202627589359861E+002  0.281056129980461E+002
  0.100000000000000E+001  0.240113212931958E+003  0.239337945016141E+000  0.194267202043437E+002  0.269233002811295E+002
  0.100000000000000E+001  0.240097976035704E+003  0.212609013794520E+000  0.153183711177116E+002  0.293944797866323E+002
  0.100000000000000E+001  0.240097471117924E+003  0.708612980052078E+000  0.963172200218244E+001  0.336926445604563E+002
  0.100000000000000E+001  0.240095594373391E+003  0.132639486347833E+001  0.235157114914735E+001  0.340211068047907E+002
  0.100000000000000E+001  0.240077333143688E+003  0.153224680670929E+001  0.951579391755018E+000  0.337598576019768E+002
  0.100000000000000E+001  0.240066579289367E+003  0.856166319649211E+000  0.175565173517390E+002  0.296335006324556E+002
  0.100000000000000E+001  0.240065492763578E+003  0.169554414251389E+001 -0.204315154244793E+001  0.257919837206246E+002
  0.100000000000000E+001  0.240063685121793E+003  0.184246923208382E+001  0.189674169308822E+001  0.310008277487722E+002
  0.100000000000000E+001  0.240051804773423E+003  0.159714543975782E+001 -0.325357230211513E+001  0.321388815281932E+002
  0.100000000000000E+001  0.240033728043333E+003  0.798484468480093E+000  0.162601498799993E+002  0.260791443954763E+002
  0.100000000000000E+001  0.240025019969177E+003  0.120189859448637E+001  0.510372236843001E+001  0.341962504978477E+002
  0.100000000000000E+001  0.240023760127666E+003  0.396358415650904E+000  0.209224376869130E+002  0.281937844281364E+002
  0.100000000000000E+001  0.240015422461143E+003  0.989634237461302E+000  0.214463793384279E+001  0.308100586506518E+002
  0.100000000000000E+001  0.240004457170568E+003  0.575846907731207E+000  0.815732000814970E+001  0.299411801096205E+002
  0.100000000000000E+001  0.240001840787588E+003  0.712651688147048E+000  0.102160927063492E+002  0.336346627206015E+002
  0.100000000000000E+001  0.240001659831722E+003  0.228632731235951E+000  0.194210398833951E+002  0.313807563220815E+002
  0.100000000000000E+001  0.239997384031416E+003  0.168388453763269E+001  0.520807850566482E+001  0.280723766450106E+002
  0.100000000000000E+001  0.239992803649674E+003  0.150267095426168E+001 -0.346109097679680E+001  0.307178401857393E+002
  0.100000000000000E+001  0.239987477881180E+003  0.181090007709802E+001 -0.522501946043243E+001  0.307228455455341E+002
  0.100000000000000E+001  0.239973677354156E+003  0.214960797987412E+000  0.163334110699946E+002  0.303063639094352E+002
  0.100000000000000E+001  0.239973078064804E+003  0.513775278924232E+000  0.121057905715212E+002  0.259084541059073E+002
  0.100000000000000E+001  0.239969244887554E+003  0.129888399953886E+001  0.778585993787129E+001  0.249106440691371E+002
  0.100000000000000E+001  0.239969240338112E+003  0.979896010815598E+000  0.927062959601676E+001  0.341483590936191E+002
  0.100000000000000E+001  0.239964116080115E+003  0.154746699831175E+001 -0.151034827637964E+001  0.258576446205238E+002
  0.100000000000000E+001  0.239960879085415E+003  0.665517474371581E+000  0.679409215499246E+001  0.287645545867729E+002
  0.100000000000000E+001  0.239955766208520E+003  0.292605906036149E+000  0.211071504605270E+002  0.286431950056275E+002
  0.100000000000000E+001  0.239950057816209E+003  0.129298499436321E+001  0.520667132250287E+001  0.244862413210875E+002
  0.100000000000000E+001  0.239949960833982E+003  0.388427872673731E+000  0.201956561352113E+002  0.311875118073539E+002
  0.100000000000000E+001  0.239944826891615E+003  0.145355542794963E+001  0.563758609746347E+001  0.252074567255708E+002
  0.100000000000000E+001  0.239944424192018E+003  0.120997668355236E+001  0.166772504061613E+001  0.256498222847561E+002
  0.100000000000000E+001  0.239940206874990E+003  0.149714290704683E+001  0.471566644679170E+001  0.252276437061198E+002
  0.100000000000000E+001  0.239933143091175E+003  0.553437626272899E+000  0.172572951160321E+002  0.327115037046709E+002
  0.100000000000000E+001  0.239914354229676E+003  0.106967704372901E+001  0.146949062718098E+002  0.290551604401188E+002
  0.100000000000000E+001  0.239906403356492E+003  0.125918938082584E+001  0.939766585232917E+001  0.254312550173031E+002
  0.100000000000000E+001  0.239896194539571E+003  0.198252607283011E+000  0.176745706759581E+002  0.301116917436758E+002
  0.100000000000000E+001  0.239865071603722E+003  0.720072948786370E+000  0.129125662801889E+002  0.335396798851371E+002
  0.100000000000000E+001  0.239857704384214E+003  0.104216846310557E+001  0.426327682911155E+001  0.330277963839357E+002
  0.100000000000000E+001  0.239842292220036E+003  0.128711316916374E+001 -0.591402322839642E+000  0.272627358362665E+002
  0.100000000000000E+001  0.239836872500699E+003  0.705973812422485E+000  0.751390584985694E+001  0.317064343588855E+002
  0.100000000000000E+001  0.239826309407443E+003  0.443261689366877E+000  0.178112752814743E+002  0.321304472527730E+002
  0.100000000000000E+001  0.239781408395195E+003  0.545424067198359E+000  0.177936916741322E+002  0.265050227838998E+002
  0.100000000000000E+001  0.239777279825163E+003  0.160673751738901E+001 -0.297340450990336E+001  0.313145760883498E+002
  0.100000000000000E+001  0.239767572852308E+003  0.735767072558819E+000  0.179489007386502E+002  0.288755948700008E+002
  0.100000000000000E+001  0.239762039376742E+003  0.126520136005582E+001  0.100691905645890E+002  0.322002095509078E+002
  0.100000000000000E+001  0.239755514484823E+003  0.652932005511548E+000  0.181242391280413E+002  0.275520992225753E+002
  0.100000000000000E+001  0.239747434131544E+003  0.891917953704538E+000  0.148248541026165E+002  0.320931694313210E+002
  0.100000000000000E+001  0.239743210351054E+003  0.544577300585146E+000  0.165543069379220E+002  0.323820109411714E+002
  0.100000000000000E+001  0.239735476845276E+003  0.642554071790255E+000  0.112135528523173E+002  0.327616761146695E+002
  0.100000000000000E+001  0.239712572168058E+003  0.151937927034315E+001  0.731513424803958E+001  0.304390528608142E+002
  0.100000000000000E+001  0.239708814796200E+003  0.125074675215340E+001  0.942169728806368E+001  0.325805882148262E+002
  0.100000000000000E+001  0.239699557125795E+003  0.429059242006668E+000  0.148927646966523E+002  0.318799477144167E+002
  0.100000000000000E+001  0.239697201770558E+003  0.650902742258860E+000  0.122466377906570E+002  0.328964293159238E+002
  0.100000000000000E+001  0.239692274408385E+003  0.857407238916048E+000  0.638634963845720E+001  0.322409346518707E+002
  0.100000000000000E+001  0.239676501521291E+003  0.963733135226724E+000  0.113650009455482E+002  0.331864598627688E+002
  0.100000000000000E+001  0.239667437888510E+003  0.625416858763308E+000  0.902462407086364E+001  0.273131761569771E+002
  0.100000000000000E+001  0.239654173932599E+003  0.112713314613298E+001  0.434859323504938E+001  0.252740283696812E+002
  0.100000000000000E+001  0.239635575629661E+003  0.138611343586389E+001  0.572406016438673E+001  0.253421952905876E+002
  0.100000000000000E+001  0.239626643918929E+003  0.174712153113694E+001 -0.142044700152336E+001  0.314346521035948E+002
  0.100000000000000E+001  0.239626467202373E+003  0.278297775047405E+000  0.169270717503213E+002  0.290892430793718E+002
  0.100000000000000E+001  0.239619813530593E+003  0.138986026709658E+001  0.714304606827986E+001  0.323024373697687E+002
  0.100000000000000E+001  0.239614916288436E+003  0.182344795637831E+001  0.582622473735185E+000  0.289191141210704E+002
  0.100000000000000E+001  0.239612345246397E+003  0.163039450138044E+001  0.387135940280001E+001  0.269342224246744E+002
  0.100000000000000E+001  0.239594966948910E+003  0.171986568116278E+001 -0.354075893470747E+001  0.284121271552569E+002
  0.100000000000000E+001  0.239589576977185E+003  0.481146633902632E+000  0.115361410988862E+002  0.282547040542555E+002
  0.100000000000000E+001  0.239587815271776E+003  0.175142545969970E+001  0.957751815835906E-001  0.270202443030630E+002
  0.100000000000000E+001  0.239578557252212E+003  0.857485583816503E+000  0.486419533607108E+001  0.291895837342841E+002
  0.100000000000000E+001  0.239572955061116E+003  0.153445622370048E+001 -0.257449535684347E+001  0.283862031595744E+002
  0.100000000000000E+001  0.239566871818018E+003  0.105242734349356E+001  0.139157381077654E+002  0.297784407845196E+002
  0.100000000000000E+001  0.239559243291239E+003  0.357813132015534E+000  0.152862210767872E+002  0.303593867486089E+002
  0.100000000000000E+001  0.239556225233666E+003  0.355662975882488E+000  0.154498324421280E+002  0.278857257336918E+002
  0.100000000000000E+001  0.239533934090620E+003  0.422653270020692E+000  0.148304311062458E+002  0.311181623053361E+002
  0.100000000000000E+001  0.239533381860577E+003  0.154120468029538E+001 -0.197138034515271E+001  0.274700688083903E+002
  0.100000000000000E+001  0.239530972946527E+003  0.750342429560475E+000  0.170750363123235E+002  0.295953766102866E+002
  0.100000000000000E+001  0.239506486768499E+003  0.156893025071564E+001  0.168483941365743E+001  0.321243886950705E+002
  0.100000000000000E+001  0.239495207923369E+003  0.167267593529803E+001 -0.102715567230474E+001  0.268330748983991E+002
  0.100000000000000E+001  0.239492860256591E+003  0.154436780859743E+001  0.266142762691553E+001  0.321463953150462E+002
  0.100000000000000E+001  0.239465392540598E+003  0.864926612405110E+000  0.100916761706710E+002  0.327881151402628E+002
  0.100000000000000E+001  0.239453383085920E+003  0.983413740708548E+000  0.879080640139662E+001  0.251013286390678E+002
  0.100000000000000E+001  0.239448786435448E+003  0.153116829821958E+001  0.457257206607323E+001  0.315767385364043E+002
  0.100000000000000E+001  0.239444666968183E+003  0.689721871365553E+000  0.167213052683575E+002  0.274195031387100E+002
  0.100000000000000E+001  0.239436115800541E+003  0.975774943948916E+000  0.143910840288687E+002  0.282895972860444E+002
  0.100000000000000E+001  0.239425542159961E+003  0.174480997892130E+001 -0.505179963324750E+000  0.275598647625441E+002
  0.100000000000000E+001  0.239421367181007E+003  0.176501331550000E+001 -0.233928784154514E+001  0.295074113007862E+002
  0.100000000000000E+001  0.239374165505486E+003  0.137181244089841E+001 -0.164768969121809E+000  0.274832846840716E+002
  0.100000000000000E+001  0.239366619355321E+003  0.454103315595658E+000  0.132005162709535E+002  0.286343820038148E+002
  0.100000000000000E+001  0.239354247472520E+003  0.114047543172273E+001  0.963619391733118E+001  0.257832478621974E+002
  0.100000000000000E+001  0.239346283538140E+003  0.127986729617274E+001  0.388646881755378E+000  0.283315702224471E+002
  0.100000000000000E+001  0.239328616362393E+003  0.170525271459412E+001 -0.207320010043333E+001  0.289565344293885E+002
  0.100000000000000E+001  0.239327388773771E+003  0.113077888039943E+001  0.653896068322436E+001  0.253270062109222E+002
  0.100000000000000E+001  0.239323228861206E+003  0.152540293761384E+001  0.604713018773741E+001  0.288567855928344E+002
  0.100000000000000E+001  0.239302364781834E+003  0.102769555357873E+001  0.112966030997538E+002  0.318804133393357E+002
  0.100000000000000E+001  0.239299485797436E+003  0.120742235422941E+001  0.134908323705321E+001  0.281906503951595E+002
  0.100000000000000E+001  0.239289787704901E+003  0.544980167973986E+000  0.115351868931704E+002  0.283431547239620E+002
  0.100000000000000E+001  0.239284941741859E+003  0.640777885562060E+000  0.147585354980316E+002  0.314128183108043E+002
  0.100000000000000E+001  0.239280565605771E+003  0.870603916010804E+000  0.131925862329363E+002  0.262339009622714E+002
  0.100000000000000E+001  0.239261718318566E+003  0.141882149444256E+001 -0.448263337592479E+000  0.280263054554427E+002
  0.100000000000000E+001  0.239260063344603E+003  0.144342941734494E+001  0.724189911141406E+001  0.293983548556500E+002
  0.100000000000000E+001  0.239252816619555E+003  0.101914309235101E+001  0.132063790023396E+002  0.279986608988509E+002
  0.100000000000000E+001  0.239252134801443E+003  0.116598860318414E+001  0.111437591165755E+002  0.276107125641519E+002
  0.100000000000000E+001  0.239246356260437E+003  0.146818913938709E+001  0.659229246529839E+001  0.281021053870996E+002
  0.100000000000000E+001  0.239244075209891E+003  0.118940554814520E+001  0.650424005391575E+001  0.322836897515445E+002
  0.100000000000000E+001  0.239238093659248E+003  0.697595067777678E+000  0.164664617474513E+002  0.288494522743242E+002
  0.100000000000000E+001  0.239235287316430E+003  0.733490495513958E+000  0.808896488183845E+001  0.283526806942901E+002
  0.100000000000000E+001  0.239230194534993E+003  0.115926762531150E+001  0.834879152663285E+001  0.320845348372951E+002
  0.100000000000000E+001  0.239223330874921E+003  0.166393866694812E+001  0.214646315333300E+001  0.284143658915600E+002
  0.100000000000000E+001  0.239215075411681E+003  0.941972717891083E+000  0.630320941611748E+001  0.313135257666383E+002
  0.100000000000000E+001  0.239182128011899E+003  0.123288641309793E+001  0.815076623948391E+001  0.316133092319052E+002
  0.100000000000000E+001  0.239157892100104E+003  0.134729397620057E+001  0.558525870824198E+000  0.279961171414398E+002
  0.100000000000000E+001  0.239147493794995E+003  0.120865781711354E+001  0.305090368885155E+001  0.310887285413259E+002
  0.100000000000000E+001  0.239143799971269E+003  0.850455964441614E+000  0.129957965576920E+002  0.313060312049180E+002
  0.100000000000000E+001  0.239139704547619E+003  0.776364351875043E+000  0.823821507135276E+001  0.274577293461358E+002
  0.100000000000000E+001  0.239135422247893E+003  0.754472049773642E+000  0.137255725424934E+002  0.265599026470518E+002
  0.100000000000000E+001  0.239128073942481E+003  0.727126739691712E+000  0.936300641673185E+001  0.304656614473608E+002
  0.100000000000000E+001  0.239125932753820E+003  0.103717920632388E+001  0.395442069931870E+001  0.282814873362759E+002
  0.100000000000000E+001  0.239122786947035E+003  0.121721349665009E+001  0.282935318285024E+001  0.268548091641640E+002
  0.100000000000000E+001  0.239116669983217E+003  0.105104006824760E+001  0.935783995537457E+001  0.318254435212534E+002
  0.100000000000000E+001  0.239116043246227E+003  0.152932588064486E+001  0.564221220933945E-001  0.301730371432183E+002
  0.100000000000000E+001  0.239114510616052E+003  0.146266316933356E+001 -0.457889220372607E-001  0.279628767284045E+002
  0.100000000000000E+001  0.239107681348948E+003  0.126871619912132E+001  0.940694059740426E+001  0.295716117811470E+002
  0.100000000000000E+001  0.239093594826624E+003  0.639432769545733E+000  0.104594127596737E+002  0.288318327773195E+002
  0.100000000000000E+001  0.239069293425872E+003  0.150060196258258E+001  0.400501557669239E+001  0.272081293581035E+002
  0.100000000000000E+001  0.239067332811987E+003  0.537524845636844E+000  0.157411943432877E+002  0.288095687124498E+002
  0.100000000000000E+001  0.239066151639521E+003  0.696825439446478E+000  0.144120941794871E+002  0.270821578769686E+002
  0.100000000000000E+001  0.239052791596818E+003  0.111560223720266E+001  0.325594727013804E+001  0.294231638961333E+002
  0.100000000000000E+001  0.239027591531222E+003  0.898179552600224E+000  0.126234549245255E+002  0.308090093742668E+002
  0.100000000000000E+001  0.239026029717373E+003  0.805802930495987E+000  0.895763516259649E+001  0.269039068102582E+002
  0.100000000000000E+001  0.239024162697052E+003  0.661798730023990E+000  0.110621497751220E+002  0.276113467768058E+002
  0.100000000000000E+001  0.239018071669344E+003  0.107139047638339E+001  0.388084597941366E+001  0.285303395934131E+002
  0.100000000000000E+001  0.239010281069108E+003  0.152491399902262E+001  0.232675652045685E+001  0.302993320726779E+002
  0.100000000000000E+001  0.238996208838744E+003  0.103282276325504E+001  0.122607243299179E+002  0.288931688717847E+002
  0.100000000000000E+001  0.238994984269237E+003  0.145327243875395E+001  0.424269234530274E+001  0.305265142213601E+002
  0.100000000000000E+001  0.238989179368838E+003  0.101169724405803E+001  0.962448412657577E+001  0.314122656392285E+002
  0.100000000000000E+001  0.238986736981402E+003  0.104280187633493E+001  0.855419066757648E+001  0.260366891474343E+002
  0.100000000000000E+001  0.238981467848447E+003  0.857975113588313E+000  0.128577289764641E+002  0.269374051148040E+002
  0.100000000000000E+001  0.238980867763666E+003  0.880308870496803E+000  0.898131472706766E+001  0.264197588551593E+002
  0.100000000000000E+001  0.238973672001791E+003  0.130623289161590E+001  0.178641723981896E+001  0.297210594428728E+002
  0.100000000000000E+001  0.238971836434505E+003  0.646989359722134E+000  0.150074446262246E+002  0.281400862552112E+002
  0.100000000000000E+001  0.238970918482850E+003  0.844320090389998E+000  0.104851924930399E+002  0.263717500718390E+002
  0.100000000000000E+001  0.238955044653789E+003  0.150148063223384E+001  0.198175504973851E+001  0.301055210452648E+002
  0.100000000000000E+001  0.238950390580842E+003  0.754147463127126E+000  0.957355507207038E+001  0.275739878454557E+002
  0.100000000000000E+001  0.238944785263878E+003  0.828396923143828E+000  0.105957054452219E+002  0.265054468892011E+002
  0.100000000000000E+001  0.238935477681652E+003  0.130770061043746E+001  0.812149265281101E+001  0.286293718501150E+002
  0.100000000000000E+001  0.238931500287220E+003  0.132095607889680E+001  0.787624361677371E+001  0.289544135888595E+002
  0.100000000000000E+001  0.238926821284053E+003  0.875367715992410E+000  0.731993249048961E+001  0.297248385888310E+002
  0.100000000000000E+001  0.238922504199212E+003  0.103192870010610E+001  0.729863806563665E+001  0.263213983854913E+002
  0.100000000000000E+001  0.238918632736087E+003  0.990012219518484E+000  0.102772376371682E+002  0.264530070134529E+002
  0.100000000000000E+001  0.238909476118329E+003  0.142868526465675E+001  0.262301981454618E+001  0.271978064430666E+002
  0.100000000000000E+001  0.238909390490325E+003  0.109127389757004E+001  0.426679895648751E+001  0.279825517678120E+002
  0.100000000000000E+001  0.238905242262640E+003  0.130601222994894E+001  0.496326775337577E+001  0.265739962143267E+002
  0.100000000000000E+001  0.238899426459321E+003  0.958792755847630E+000  0.841322846597629E+001  0.310408219382544E+002
  0.100000000000000E+001  0.238881857024061E+003  0.110318522057911E+001  0.920769918349461E+001  0.307943423381002E+002
  0.100000000000000E+001  0.238876622319810E+003  0.868203943168989E+000  0.910443233069162E+001  0.268172439714761E+002
  0.100000000000000E+001  0.238873682409282E+003  0.748652959704967E+000  0.140407325902190E+002  0.281343676021114E+002
  0.100000000000000E+001  0.238855945849916E+003  0.820224178359124E+000  0.866465836736424E+001  0.296156355031114E+002
  0.100000000000000E+001  0.238851276317988E+003  0.834555254570873E+000  0.820194502638037E+001  0.282883675259766E+002
  0.100000000000000E+001  0.238846624694883E+003  0.830830481590885E+000  0.838895346684302E+001  0.293843739856270E+002
  0.100000000000000E+001  0.238835047018559E+003  0.122030416601098E+001  0.304085538653032E+001  0.285884884654756E+002
  0.100000000000000E+001  0.238829161817428E+003  0.141807517274472E+001  0.174586366884643E+001  0.287000751328333E+002
  0.100000000000000E+001  0.238828751360550E+003  0.889694428562013E+000  0.110871358018459E+002  0.268288901030130E+002
  0.100000000000000E+001  0.238827194888938E+003  0.941446365332647E+000  0.844332990375651E+001  0.306569626549154E+002
  0.100000000000000E+001  0.238822916871279E+003  0.148846966671400E+001  0.262140782432714E+001  0.286940393992822E+002
  0.100000000000000E+001  0.238797150022097E+003  0.116907016455484E+001  0.688481383813985E+001  0.307099523276619E+002
  0.100000000000000E+001  0.238793849230956E+003  0.105227562825539E+001  0.105095128831134E+002  0.298968052409147E+002
  0.100000000000000E+001  0.238786901741863E+003  0.144448600085682E+001  0.246021101461066E+001  0.283813623987123E+002
  0.100000000000000E+001  0.238786411856663E+003  0.131394223643547E+001  0.648944873466932E+001  0.275716990075171E+002
  0.100000000000000E+001  0.238780145874672E+003  0.134912954822843E+001  0.241696531983213E+001  0.288735878409273E+002
  0.100000000000000E+001  0.238775304748767E+003  0.740420547776133E+000  0.129675909347424E+002  0.293329365765316E+002
  0.100000000000000E+001  0.238771278408887E+003  0.956601688387099E+000  0.693487981988326E+001  0.295567069344904E+002
  0.100000000000000E+001  0.238769529172078E+003  0.780536028404421E+000  0.100976050933904E+002  0.293910118533146E+002
  0.100000000000000E+001  0.238766253945212E+003  0.845990009812484E+000  0.101128149467964E+002  0.301694346454918E+002
  0.100000000000000E+001  0.238764254139177E+003  0.144333590074234E+001  0.323727257621445E+001  0.285114854194098E+002
  0.100000000000000E+001  0.238734728596719E+003  0.777982082335235E+000  0.122438422062616E+002  0.278702245290462E+002
  0.100000000000000E+001  0.238725301450025E+003  0.109818794623816E+001  0.531711096711265E+001  0.277994882599170E+002
  0.100000000000000E+001  0.238692975555248E+003  0.132393063697933E+001  0.463953598848026E+001  0.296045588284245E+002
  0.100000000000000E+001  0.238684105684708E+003  0.134614167684354E+001  0.510076755228576E+001  0.291323706831131E+002
  0.100000000000000E+001  0.238666127915213E+003  0.127564734399062E+001  0.609336213287078E+001  0.295224246936959E+002
  0.100000000000000E+001  0.238663906305994E+003  0.996695437479488E+000  0.986788958538020E+001  0.274062067526543E+002
  0.100000000000000E+001  0.238622657865411E+003  0.910971080156449E+000  0.108410602017504E+002  0.280484186347212E+002
  0.100000000000000E+001  0.238602029739997E+003  0.124693078144799E+001  0.652345201089490E+001  0.286458073133413E+002
