  0.100000000000000E+001  0.246972293829655E+003  0.294104119803268E+001 -0.268206039944157E+002  0.349891739961132E+002
  0.100000000000000E+001  0.246976273427255E+003 -0.622275368072580E+000  0.195793845082246E+002  0.274455300716859E+002
  0.100000000000000E+001  0.247028689005033E+003  0.290795960937438E+000  0.276436304071648E+002  0.233575577162479E+002
  0.100000000000000E+001  0.253895605725462E+003  0.373472544242809E+001 -0.352957673258386E+002  0.483450462810018E+002
  0.100000000000000E+001  0.247122946797210E+003  0.267339513226078E+001 -0.786933958834238E+001  0.428145003663011E+002
  0.100000000000000E+001  0.254043893219201E+003  0.179238257494181E+001 -0.157326105220072E+002  0.224087454837064E+002
  0.100000000000000E+001  0.254063199428659E+003  0.337833239749913E+001 -0.298956894437530E+002  0.510891986652333E+002
  0.100000000000000E+001  0.247264929506492E+003  0.145666844357869E+001  0.146936031807578E+002  0.435235810433034E+002
  0.100000000000000E+001  0.247288750522519E+003  0.233133782179528E+001 -0.213466908685213E+002  0.398411839240530E+002
  0.100000000000000E+001  0.256247796808254E+003  0.111258040677478E+000  0.477101949202691E+002  0.380749914024973E+002
  0.100000000000000E+001  0.253048004938303E+003  0.238189271602575E+001 -0.205170322150064E+002  0.516231028207565E+002
  0.100000000000000E+001  0.242974409376370E+003  0.221496134987711E+001  0.812629069985391E+000  0.351825035742640E+002
  0.100000000000000E+001  0.252370669624926E+003 -0.177868482422996E+001  0.341502066662738E+002  0.322292589141451E+002
  0.100000000000000E+001  0.247443092713112E+003  0.297407442327821E+001 -0.279401075962433E+002  0.333913190082024E+002
  0.100000000000000E+001  0.251641899084354E+003 -0.139110857235065E+001  0.432653457030248E+002  0.466723933970782E+002
  0.100000000000000E+001  0.247497837572356E+003  0.329726569255073E+001 -0.283729310753281E+002  0.352073020574921E+002
  0.100000000000000E+001  0.247516769234022E+003 -0.107349121161721E+001  0.439460123023040E+002  0.359356318209324E+002
  0.100000000000000E+001  0.247560359102157E+003  0.229084293096057E+001 -0.176888582387292E+002  0.429363294086375E+002
  0.100000000000000E+001  0.251363717459392E+003  0.278800772663572E+001  0.557744654791399E+001  0.342174227992925E+002
  0.100000000000000E+001  0.247624936044268E+003 -0.720323518146229E+000  0.171648090595088E+002  0.328021289141979E+002
  0.100000000000000E+001  0.247704332122506E+003  0.256860795293414E+001 -0.158590785960297E+002  0.441276004219279E+002
  0.100000000000000E+001  0.250988909243711E+003  0.403388084051066E+001 -0.303136925294942E+002  0.325937694000011E+002
  0.100000000000000E+001  0.242984316388217E+003  0.198197418496511E+001 -0.793845333854878E+001  0.378117624459196E+002
  0.100000000000000E+001  0.247865002847005E+003  0.224811397008779E+000  0.324868205251894E+002  0.422361262257908E+002
  0.100000000000000E+001  0.250504770254621E+003  0.844727175982067E+000  0.266918845634186E+002  0.468158811597196E+002
  0.100000000000000E+001  0.250325723760186E+003  0.311734965430449E+001 -0.120352126659599E+002  0.462947762861598E+002
  0.100000000000000E+001  0.248095003570042E+003  0.308612446020376E+001 -0.140339194671017E+002  0.257619766169966E+002
  0.100000000000000E+001  0.242997086019403E+003  0.187037167476149E+001  0.900916043292781E+001  0.313892904848608E+002
  0.100000000000000E+001  0.243031157266374E+003  0.164445820610845E+001 -0.328063410092999E+001  0.389062728954301E+002
  0.100000000000000E+001  0.248144499865485E+003  0.545473600777019E+000  0.302675628338017E+002  0.419790172889518E+002
  0.100000000000000E+001  0.243036130171691E+003 -0.149716716286417E+000  0.289929340249014E+002  0.357263667755343E+002
  0.100000000000000E+001  0.243036687743679E+003  0.101510832560136E+001 -0.403166956472515E+001  0.322175478003134E+002
  0.100000000000000E+001  0.248619486837767E+003 -0.991263523627822E+000  0.208351486806880E+002  0.350265830748363E+002
  0.100000000000000E+001  0.248669157675432E+003  0.335006039918597E+000  0.145018353921669E+002  0.478639656896778E+002
  0.100000000000000E+001  0.249559532966138E+003  0.338597942091658E+001 -0.878637425295292E+001  0.353916495450380E+002
  0.100000000000000E+001  0.248778943349664E+003  0.117080224566855E+001  0.120394428176532E+002  0.199141073934875E+002
  0.100000000000000E+001  0.243046273140820E+003  0.154752703253331E+000  0.979161095636732E+001  0.278179750486646E+002
  0.100000000000000E+001  0.249349292382891E+003 -0.724922550011360E+000  0.161312221591236E+002  0.406699436720836E+002
  0.100000000000000E+001  0.248954647589270E+003 -0.130620676159426E+001  0.461195794670025E+002  0.389161742332603E+002
  0.100000000000000E+001  0.249000063261638E+003 -0.131370874661394E+001  0.293500484899087E+002  0.310830991161081E+002
  0.100000000000000E+001  0.246865329491477E+003 -0.755128883959802E+000  0.275178481832148E+002  0.413200675429159E+002
  0.100000000000000E+001  0.246848230832658E+003 -0.115437367407847E+001  0.350367567995643E+002  0.381479472259012E+002
  0.100000000000000E+001  0.246755251097105E+003  0.235421795855263E+001  0.650629181418731E+001  0.313851313120977E+002
  0.100000000000000E+001  0.243050527185733E+003 -0.173003621994912E+000  0.294257693892319E+002  0.355009851623517E+002
  0.100000000000000E+001  0.246667666888900E+003  0.616700206911602E-001  0.348181168491442E+002  0.385056135082052E+002
  0.100000000000000E+001  0.246644234124394E+003  0.170508010792561E+001 -0.500950116859931E+001  0.445623386264256E+002
  0.100000000000000E+001  0.246531312590180E+003  0.172667533590940E+001 -0.217833606107939E+001  0.447689642172117E+002
  0.100000000000000E+001  0.243083043088688E+003  0.193207118409020E+001  0.768359648274352E+001  0.334484198597474E+002
  0.100000000000000E+001  0.246374361715777E+003 -0.103947794317421E+001  0.409253861227865E+002  0.320298154227729E+002
  0.100000000000000E+001  0.246350190775325E+003  0.287684152505268E+001 -0.650610622043810E+001  0.382289352057724E+002
  0.100000000000000E+001  0.246342514203465E+003  0.225030235297448E+001 -0.465538746902406E+001  0.433258333262488E+002
  0.100000000000000E+001  0.246306305676034E+003 -0.112233245490378E+001  0.383334686515785E+002  0.305082972174611E+002
  0.100000000000000E+001  0.246292390633307E+003  0.323247741891894E+001 -0.158783187490614E+002  0.298492153304525E+002
  0.100000000000000E+001  0.246257549324608E+003  0.316329577834647E+001 -0.252216415323178E+002  0.340324604732800E+002
  0.100000000000000E+001  0.243097985764745E+003  0.141564894858728E+001 -0.877641169959118E+001  0.327720526754692E+002
  0.100000000000000E+001  0.246153358670826E+003  0.282034592845685E+001 -0.242236487545105E+002  0.358724122510212E+002
  0.100000000000000E+001  0.246114280274755E+003  0.828719424753672E+000  0.175949917914226E+002  0.436982703681233E+002
  0.100000000000000E+001  0.246099178961211E+003 -0.104200587980530E+001  0.399152145707025E+002  0.345664913112539E+002
  0.100000000000000E+001  0.246093428129988E+003  0.102943059962426E+000  0.733362299483460E+001  0.391611247143046E+002
  0.100000000000000E+001  0.246078194321293E+003  0.230207722081088E+001  0.282778745104227E+001  0.399005605481079E+002
  0.100000000000000E+001  0.246054556578529E+003 -0.605797103146218E+000  0.176652695715072E+002  0.341990762859141E+002
  0.100000000000000E+001  0.246005289758067E+003  0.165825367086150E+000  0.204057199049833E+002  0.435253490078389E+002
  0.100000000000000E+001  0.245982117157770E+003 -0.146652269083036E-001  0.314578460401437E+002  0.251796494529693E+002
  0.100000000000000E+001  0.245825863553989E+003  0.885473286524878E+000 -0.633216935982632E+001  0.337640772618002E+002
  0.100000000000000E+001  0.245792695330088E+003  0.496307933575913E+000  0.166144276455721E+002  0.209051254433286E+002
  0.100000000000000E+001  0.245774134509040E+003  0.214144122722940E+001  0.814405681808253E+001  0.295036480718508E+002
  0.100000000000000E+001  0.245749052363323E+003  0.143301514258558E+001  0.110650014405965E+001  0.438600893507594E+002
  0.100000000000000E+001  0.243136628040746E+003 -0.631956608933857E-001  0.136223345284133E+002  0.280245616564815E+002
  0.100000000000000E+001  0.245632694340286E+003 -0.350848329515014E+000  0.378798942095409E+002  0.315678308537784E+002
  0.100000000000000E+001  0.245631198282374E+003  0.247665405041663E+001 -0.132011655391668E+001  0.393015715754635E+002
  0.100000000000000E+001  0.245618883165416E+003  0.291648322511779E+001 -0.238978069649128E+002  0.326080061159989E+002
  0.100000000000000E+001  0.245560286958010E+003  0.586900558825394E+000  0.285429516124667E+002  0.371123245679091E+002
  0.100000000000000E+001  0.245552720393952E+003  0.278388516566170E+001 -0.496933198908671E+001  0.364188241324871E+002
  0.100000000000000E+001  0.245508378290810E+003  0.222671243849358E+001 -0.119541054647127E+002  0.234200983869519E+002
  0.100000000000000E+001  0.245494699479513E+003  0.166296458068561E+001 -0.149072073519645E+002  0.344967561441005E+002
  0.100000000000000E+001  0.245488364568346E+003 -0.662086408958558E+000  0.341017207423501E+002  0.385913076458999E+002
  0.100000000000000E+001  0.245360852965112E+003  0.203438241559801E+001 -0.184559846377640E+002  0.326153603459828E+002
  0.100000000000000E+001  0.245347098829700E+003  0.244902554147907E+001  0.272857820962777E+001  0.314492915406585E+002
  0.100000000000000E+001  0.245326815677670E+003  0.740341683649112E+000  0.200739546168465E+002  0.418876911913943E+002
  0.100000000000000E+001  0.245266796011600E+003 -0.616228567117585E+000  0.380458014307993E+002  0.306108283725935E+002
  0.100000000000000E+001  0.243141323149122E+003  0.180941077430436E+001  0.580894110566078E+001  0.375707091207396E+002
  0.100000000000000E+001  0.243145859974679E+003  0.134644616244339E+001 -0.807597525047898E+001  0.328302114183214E+002
  0.100000000000000E+001  0.244939666943618E+003  0.106666295625185E+001 -0.557787521184881E+001  0.376061542621573E+002
  0.100000000000000E+001  0.244906041120641E+003  0.153946901724073E+001 -0.968523242928471E+001  0.255506218480865E+002
  0.100000000000000E+001  0.244762109472921E+003  0.132933841855749E+001  0.123220298196278E+002  0.411446092808904E+002
  0.100000000000000E+001  0.243159245679907E+003  0.914258826934490E+000  0.135351088772752E+002  0.396593015056950E+002
  0.100000000000000E+001  0.244700887018861E+003  0.212666143123615E+001 -0.117505381380393E+001  0.232052572887531E+002
  0.100000000000000E+001  0.244649204056717E+003  0.255114800148021E+001 -0.135041084414217E+002  0.389390509899067E+002
  0.100000000000000E+001  0.244619597921257E+003  0.284732301744382E+001 -0.212085711552258E+002  0.326354253969301E+002
  0.100000000000000E+001  0.244570945914432E+003 -0.339700981681721E+000  0.297073758843911E+002  0.387985516240900E+002
  0.100000000000000E+001  0.244563201028970E+003  0.138186313379137E+001 -0.107443650751131E+002  0.324165407721021E+002
  0.100000000000000E+001  0.244545836166694E+003  0.123782103497876E+001 -0.763883767014327E+001  0.365740265129263E+002
  0.100000000000000E+001  0.243168092889341E+003  0.207141253111029E+001 -0.121483028396866E+002  0.363754967709490E+002
  0.100000000000000E+001  0.244519556966793E+003  0.203495320419737E+001 -0.168345052351697E+002  0.342130450659289E+002
  0.100000000000000E+001  0.244498637461474E+003 -0.866017174121741E+000  0.301770844314425E+002  0.334968307439166E+002
  0.100000000000000E+001  0.244464838917026E+003  0.129937761973656E+000  0.963813822852416E+001  0.261158273063191E+002
  0.100000000000000E+001  0.244459605476463E+003  0.229306070117852E+001 -0.370809327665360E+001  0.396484158577360E+002
  0.100000000000000E+001  0.244451501257063E+003  0.568455785258928E+000  0.227640387192301E+002  0.398922665910839E+002
  0.100000000000000E+001  0.244441542198601E+003  0.137273388720073E+001 -0.950297983547895E+001  0.357625554815301E+002
  0.100000000000000E+001  0.244413376883048E+003  0.608930868838685E+000  0.242471640579485E+001  0.256365516925866E+002
  0.100000000000000E+001  0.244356398916538E+003  0.211377182847055E+001 -0.123755526606768E+002  0.246614455049228E+002
  0.100000000000000E+001  0.244352249499589E+003 -0.684886115263278E+000  0.260424991291920E+002  0.284921922384100E+002
  0.100000000000000E+001  0.244351931468693E+003  0.378412023530005E+000  0.289745478479914E+001  0.325447329952350E+002
  0.100000000000000E+001  0.244301266255118E+003  0.298880555782289E+001 -0.183308656550439E+002  0.322337102086786E+002
  0.100000000000000E+001  0.244294205092537E+003  0.195234514337656E+001 -0.150477752976530E+002  0.355949804755648E+002
  0.100000000000000E+001  0.244287931521020E+003  0.233445118493567E+001 -0.156018113979060E+002  0.374834100052654E+002
  0.100000000000000E+001  0.243180799150344E+003  0.200271772471917E+001 -0.145315004911365E+002  0.324086339260663E+002
  0.100000000000000E+001  0.244240590363100E+003  0.128849296343278E+001  0.173582892250654E+002  0.372438049384116E+002
  0.100000000000000E+001  0.244232346245929E+003  0.520673172215165E+000  0.251219498045737E+002  0.382884430773625E+002
  0.100000000000000E+001  0.244146216610270E+003  0.122497562473950E+000  0.317675047317094E+002  0.297618796760335E+002
  0.100000000000000E+001  0.244118926921914E+003  0.230915138042419E+001 -0.184664999485690E+002  0.322756795283316E+002
  0.100000000000000E+001  0.244081176819554E+003  0.199423151885867E+001 -0.879779867021961E+001  0.396341040487595E+002
  0.100000000000000E+001  0.244043580187599E+003  0.962777044648951E+000  0.226438978880703E+002  0.350296993721201E+002
  0.100000000000000E+001  0.244026070218862E+003  0.150400472345443E+001 -0.675854159356842E+001  0.242940089615112E+002
  0.100000000000000E+001  0.243988749968972E+003  0.641247162584377E+000  0.479921305904166E+001  0.392246649823068E+002
  0.100000000000000E+001  0.243945321026854E+003  0.430580181030442E+000  0.120463617268961E+002  0.403795881795216E+002
  0.100000000000000E+001  0.243934337715928E+003  0.221910026691176E+001 -0.111455195186436E+002  0.243857172084574E+002
  0.100000000000000E+001  0.243931006676429E+003  0.883542357986097E+000  0.843381129267780E+001  0.411684578863047E+002
  0.100000000000000E+001  0.243924717517266E+003  0.126758165280544E+001 -0.762590533178385E+001  0.352142096210781E+002
  0.100000000000000E+001  0.243902086201124E+003  0.975043791909659E+000  0.206130828004373E+002  0.371998466497863E+002
  0.100000000000000E+001  0.243888457653911E+003  0.168383854525589E+000  0.715485687990878E+001  0.332498707707715E+002
  0.100000000000000E+001  0.243878235881139E+003  0.719397827867978E+000  0.246354911399031E+002  0.358406580905296E+002
  0.100000000000000E+001  0.243187444377640E+003  0.259843274739904E+001 -0.542908811761382E+001  0.302050212906107E+002
  0.100000000000000E+001  0.243863662503377E+003 -0.361005475456455E-001  0.138410372565157E+002  0.260013697754292E+002
  0.100000000000000E+001  0.243196345479692E+003  0.103098588032479E+001  0.119038576321371E+002  0.397901864281669E+002
  0.100000000000000E+001  0.243843272559499E+003  0.164248585549875E+000  0.216049960823591E+002  0.229156862321681E+002
  0.100000000000000E+001  0.243214566547024E+003  0.112577212998242E+001  0.172336185933212E+002  0.369846014396147E+002
  0.100000000000000E+001  0.243783192928061E+003  0.224888323011261E+001 -0.133453315390389E+002  0.374919479759999E+002
  0.100000000000000E+001  0.243749947410674E+003  0.145920730265063E+001 -0.855254271833293E+001  0.364255111075949E+002
  0.100000000000000E+001  0.243219869074016E+003 -0.448088039032848E+000  0.315442535455269E+002  0.285376321476745E+002
  0.100000000000000E+001  0.243731614281548E+003 -0.438788965503599E+000  0.343022451418228E+002  0.327201643884509E+002
  0.100000000000000E+001  0.243727852716743E+003  0.166876499473299E+001 -0.100326297642550E+002  0.260408738335250E+002
  0.100000000000000E+001  0.243652033265589E+003  0.184896829399285E+000  0.264126582298098E+002  0.248489176755229E+002
  0.100000000000000E+001  0.243632245477539E+003  0.799997319768529E+000  0.178701287151297E+002  0.395751235613260E+002
  0.100000000000000E+001  0.243235286153730E+003  0.129277706273561E+001  0.374453892036770E+001  0.400626116962077E+002
  0.100000000000000E+001  0.243620518063083E+003  0.102888454622537E+001  0.110313726138791E+001  0.393979468833869E+002
  0.100000000000000E+001  0.243620141532284E+003  0.233634143005317E+001 -0.117591233044034E+002  0.377387641203140E+002
  0.100000000000000E+001  0.243560675058063E+003  0.472796759530373E+000  0.136636800584232E+002  0.401169912689274E+002
  0.100000000000000E+001  0.243557667128936E+003  0.247946409173122E+001 -0.446997460607115E+001  0.360863054504127E+002
  0.100000000000000E+001  0.243557473152750E+003  0.417687556014423E+000  0.268472409242333E+002  0.269532658888921E+002
  0.100000000000000E+001  0.243544647860730E+003  0.607965062558319E+000  0.241226064157057E+002  0.368705016331483E+002
  0.100000000000000E+001  0.243537337579730E+003  0.749898776011220E-001  0.297410606385399E+002  0.356967484992950E+002
  0.100000000000000E+001  0.243512869828205E+003  0.207244273288346E+000  0.715109816485005E+001  0.330401399238191E+002
  0.100000000000000E+001  0.243423563564555E+003 -0.656775047677021E+000  0.317330371683487E+002  0.304998119764127E+002
  0.100000000000000E+001  0.243422253399610E+003  0.162798602510466E+001  0.101555768188496E+001  0.400436539459396E+002
  0.100000000000000E+001  0.243413409218098E+003  0.490941845542857E+000  0.491247126450996E+001  0.364666050184459E+002
  0.100000000000000E+001  0.243392040593867E+003  0.147077855764046E+001 -0.282307638714283E+001  0.393376603093620E+002
  0.100000000000000E+001  0.243385852698182E+003  0.159219624623741E+001  0.254910836283196E+001  0.220407692667023E+002
  0.100000000000000E+001  0.243385781586937E+003  0.933594067102915E+000 -0.330905601035550E+001  0.295501644250456E+002
  0.100000000000000E+001  0.243265774395109E+003  0.767642847408402E+000  0.242261318837338E+002  0.294960134880866E+002
  0.100000000000000E+001  0.243361447849460E+003  0.247797272571414E+001 -0.295847494988824E+001  0.343346378893173E+002
  0.100000000000000E+001  0.243329647611879E+003  0.130003518941669E+001  0.178150802301859E+001  0.399923909789690E+002
  0.100000000000000E+001  0.243324634816159E+003  0.605813829755810E-001  0.261630231297981E+002  0.376447801081549E+002
  0.100000000000000E+001  0.243323006732069E+003  0.118125863525872E+001 -0.334222305290341E+001  0.373627328917410E+002
  0.100000000000000E+001  0.243311263125347E+003  0.669147502055984E+000  0.212809882266887E+001  0.264549139514514E+002
  0.100000000000000E+001  0.243308866963614E+003  0.295211951759295E-001  0.304778705906166E+002  0.343856737520610E+002
  0.100000000000000E+001  0.243270186470343E+003 -0.431979266016191E+000  0.291660430186762E+002  0.270545282309173E+002
  0.100000000000000E+001  0.243299976200622E+003 -0.359704297003461E+000  0.298806707964871E+002  0.269230003386559E+002
  0.100000000000000E+001  0.242964717710778E+003  0.109032487225143E+001  0.201159956180607E+002  0.300844358651593E+002
  0.100000000000000E+001  0.242950040737163E+003  0.137716987497847E+001  0.117888894110718E+002  0.240915491252511E+002
  0.100000000000000E+001  0.242912928743192E+003 -0.215165615757805E+000  0.162642639284988E+002  0.324160468028269E+002
  0.100000000000000E+001  0.242912312970177E+003 -0.414184701296883E+000  0.304973447729045E+002  0.284219820318620E+002
  0.100000000000000E+001  0.242907175773436E+003  0.124939759263690E+001  0.724594536850515E+001  0.395278821800310E+002
  0.100000000000000E+001  0.242903844762265E+003  0.257961697643294E+001 -0.985782369240953E+001  0.347609080963602E+002
  0.100000000000000E+001  0.242899974073123E+003  0.108858084755447E+001  0.148309357507193E+001  0.385541960233598E+002
  0.100000000000000E+001  0.242881673195775E+003  0.949227937308473E+000  0.793703565579094E+000  0.245689789583600E+002
  0.100000000000000E+001  0.242877879674576E+003 -0.328531270473027E+000  0.206005116788269E+002  0.343275981974871E+002
  0.100000000000000E+001  0.242872976730625E+003  0.138898353450225E+001  0.149281440260100E+002  0.273501455787300E+002
  0.100000000000000E+001  0.242872755846278E+003  0.194867737497319E+001 -0.130342040736267E+002  0.336399931184593E+002
  0.100000000000000E+001  0.242871724115208E+003  0.255280060837961E+001 -0.141854092760050E+002  0.341670240005840E+002
  0.100000000000000E+001  0.242870103460308E+003  0.201084717787411E+001  0.602992652747217E+001  0.330079432227261E+002
  0.100000000000000E+001  0.242856556855222E+003  0.141986802061279E+001  0.656833113130526E+001  0.391220587626477E+002
  0.100000000000000E+001  0.242817358302259E+003  0.330335469214794E+000  0.280243495593896E+002  0.299504679529144E+002
  0.100000000000000E+001  0.242815757402314E+003  0.195952649222358E+001  0.665617991740710E+001  0.287743232571151E+002
  0.100000000000000E+001  0.242807155696488E+003  0.254247671718655E+001 -0.986056143935824E+001  0.349118095049942E+002
  0.100000000000000E+001  0.242773032572708E+003  0.567430286278789E+000  0.240128344958344E+002  0.265228853854592E+002
  0.100000000000000E+001  0.242768941942145E+003  0.971974402210483E+000  0.190150457071085E+002  0.360502299287596E+002
  0.100000000000000E+001  0.242740366002708E+003  0.551172569401770E+000  0.233046504230860E+002  0.361377484366282E+002
  0.100000000000000E+001  0.242725573678417E+003  0.233900504181100E+001 -0.926812232646789E+001  0.255283002995036E+002
  0.100000000000000E+001  0.242703045094412E+003  0.228803277771292E+001 -0.151616306573813E+002  0.324166942479084E+002
  0.100000000000000E+001  0.242697293300125E+003  0.162552627577247E+000  0.945290197037417E+001  0.293940024087246E+002
  0.100000000000000E+001  0.242697269568415E+003  0.154289764474631E+001 -0.897865639691652E+001  0.337763668345879E+002
  0.100000000000000E+001  0.242685684049736E+003  0.211484912647266E+001 -0.144523668334503E+002  0.306247335385362E+002
  0.100000000000000E+001  0.242674987838849E+003  0.310219253120986E+000  0.817873351225302E+001  0.347686970188568E+002
  0.100000000000000E+001  0.242637342717092E+003 -0.277809155207466E+000  0.306414491194917E+002  0.329027992840155E+002
  0.100000000000000E+001  0.242637160554235E+003 -0.367263921917854E+000  0.213036139540377E+002  0.329078821875290E+002
  0.100000000000000E+001  0.242633016223792E+003  0.242708513656262E+000  0.889785650584972E+001  0.278356135610901E+002
  0.100000000000000E+001  0.242630980899721E+003 -0.507104245352204E+000  0.295596560558457E+002  0.306356778966651E+002
  0.100000000000000E+001  0.242596602845441E+003  0.248284417921640E+001 -0.149755187849724E+002  0.325570104812624E+002
  0.100000000000000E+001  0.242588423346622E+003  0.114665047091774E+001  0.152915254657036E+002  0.368511479651963E+002
  0.100000000000000E+001  0.242586582506600E+003  0.251734182972237E+001 -0.605419539692416E+001  0.288086565538853E+002
  0.100000000000000E+001  0.242580677200778E+003  0.261252823766712E+001 -0.899451795935806E+001  0.294820329083195E+002
  0.100000000000000E+001  0.242567572161516E+003  0.291662789407240E+000  0.148024345266408E+002  0.377987891811575E+002
  0.100000000000000E+001  0.242564035862748E+003  0.899822094615902E+000  0.202587253725000E-001  0.353821829784129E+002
  0.100000000000000E+001  0.242531603516439E+003  0.640784432957020E+000  0.188069516815816E+001  0.317992998153150E+002
  0.100000000000000E+001  0.242516593628877E+003  0.232020605019553E+001 -0.104457719124981E+002  0.356107328852804E+002
  0.100000000000000E+001  0.242515209038296E+003  0.242338458494699E+001 -0.550088171647502E+001  0.344520085630368E+002
  0.100000000000000E+001  0.242507390771708E+003  0.887241577940290E+000 -0.864037069842198E+000  0.337684151003223E+002
  0.100000000000000E+001  0.242504329518326E+003  0.159004630822315E+001  0.118456554905061E+002  0.280224185650345E+002
  0.100000000000000E+001  0.242495307719704E+003  0.264154365095678E+001 -0.130559002756487E+002  0.308505975198618E+002
  0.100000000000000E+001  0.242487372286254E+003  0.230233579229280E+001 -0.142994778558420E+001  0.278643952685563E+002
  0.100000000000000E+001  0.242486668520177E+003  0.736039789997401E+000  0.162922050130363E+002  0.382294905933511E+002
  0.100000000000000E+001  0.242476258688221E+003  0.132381701905610E+001 -0.488009330529286E+001  0.354687284771794E+002
  0.100000000000000E+001  0.242454753930977E+003  0.134042218165028E+001  0.102712293565100E+002  0.377638796126562E+002
  0.100000000000000E+001  0.242432045457211E+003  0.155743726795100E+001  0.944523721590025E+001  0.364565668620785E+002
  0.100000000000000E+001  0.242431537656017E+003  0.105534098431020E+001 -0.116645739326590E+001  0.358548773262339E+002
  0.100000000000000E+001  0.242379676817505E+003  0.260243732677867E+000  0.270132174088044E+002  0.337255570367511E+002
  0.100000000000000E+001  0.242375311400016E+003  0.253674227059169E+001 -0.139691313557886E+002  0.296822961048053E+002
  0.100000000000000E+001  0.242373663358469E+003  0.192699740071790E+000  0.260307945003951E+002  0.352087732678676E+002
  0.100000000000000E+001  0.242373126377170E+003  0.289853309983711E+000  0.157426461988778E+002  0.375691538568911E+002
  0.100000000000000E+001  0.242356908354312E+003  0.829273208030076E+000  0.135854504168846E+001  0.352187049725693E+002
  0.100000000000000E+001  0.242354858130696E+003 -0.102870023799864E+000  0.242037323508981E+002  0.254711443133893E+002
  0.100000000000000E+001  0.242352335603814E+003  0.189575428591049E+001 -0.618095828822200E+001  0.370496769034621E+002
  0.100000000000000E+001  0.242352008964765E+003  0.357646295910672E+000  0.157503260951649E+002  0.378023111993284E+002
  0.100000000000000E+001  0.242348468580031E+003  0.543082951213814E+000  0.152335175022974E+002  0.382217399127509E+002
  0.100000000000000E+001  0.242329809046998E+003  0.765281130510909E-001  0.219476325321934E+002  0.244505563979208E+002
  0.100000000000000E+001  0.242309065138874E+003  0.671426340097202E+000  0.228857435540065E+002  0.341642973195114E+002
  0.100000000000000E+001  0.242265614869348E+003  0.180563615373867E+001 -0.107029484129892E+002  0.281777397978833E+002
  0.100000000000000E+001  0.242232420821810E+003  0.332906563217760E+000  0.237996967061785E+002  0.253717631701696E+002
  0.100000000000000E+001  0.242223507351463E+003  0.120981534463240E+001  0.246022929777770E+001  0.380598995832243E+002
  0.100000000000000E+001  0.242209854309541E+003  0.189257018359701E+001 -0.653312565283692E+001  0.366530044713861E+002
  0.100000000000000E+001  0.242144457942735E+003 -0.299293333174450E+000  0.208035627293976E+002  0.295458597209371E+002
  0.100000000000000E+001  0.242133907899932E+003  0.807505263837540E+000  0.112972918077844E+000  0.304285560153924E+002
  0.100000000000000E+001  0.242127854701424E+003  0.250564333411734E+001 -0.127870671877936E+002  0.319532581272380E+002
  0.100000000000000E+001  0.242110349871213E+003  0.180114172253785E+001  0.599443775618153E+001  0.258842740191095E+002
  0.100000000000000E+001  0.242098986438110E+003  0.130065442189625E+001  0.116673951902337E+002  0.367151107650087E+002
  0.100000000000000E+001  0.242089772253011E+003  0.193780456964870E+001 -0.109326301555597E+002  0.337060187871038E+002
  0.100000000000000E+001  0.242088220656104E+003  0.138560505541893E+001  0.111371348298832E+002  0.363030470287812E+002
  0.100000000000000E+001  0.242062570127621E+003  0.148236354635857E+001  0.126774633190859E+002  0.333863961746615E+002
  0.100000000000000E+001  0.242042741272827E+003  0.121995519820713E+001  0.658118587740627E+001  0.224308133934754E+002
  0.100000000000000E+001  0.242038103612393E+003  0.128299756304740E+001  0.911896857806789E+001  0.376304995182395E+002
  0.100000000000000E+001  0.242025659352451E+003  0.219282700288270E+001 -0.618624813880899E+000  0.338282581815005E+002
  0.100000000000000E+001  0.242019711888384E+003  0.164973551138067E+001 -0.458079493162315E+001  0.366040817725491E+002
  0.100000000000000E+001  0.242018746792567E+003  0.372423481357491E+000  0.218914462409051E+002  0.362113084723540E+002
  0.100000000000000E+001  0.241998869367843E+003  0.531207432665489E+000  0.216653659492363E+002  0.357140389582633E+002
  0.100000000000000E+001  0.241957812552187E+003  0.245306874899812E+001 -0.128680527418500E+002  0.311488562890216E+002
  0.100000000000000E+001  0.241950796595060E+003  0.198615602611182E+001  0.485429363247513E+001  0.295975401264132E+002
  0.100000000000000E+001  0.241942465344701E+003  0.713651300157512E-001  0.270170390882639E+002  0.274936296823015E+002
  0.100000000000000E+001  0.241941712087350E+003  0.196689717564800E+001  0.516806168592325E+001  0.316238153643696E+002
  0.100000000000000E+001  0.241895771261278E+003 -0.336793677211155E+000  0.243629031089970E+002  0.291515410086906E+002
  0.100000000000000E+001  0.241885853095850E+003  0.151089493454078E+001 -0.431687799449833E+001  0.247897576766226E+002
  0.100000000000000E+001  0.241812265450537E+003  0.137855207222685E+001 -0.631639914970505E+001  0.294536316396061E+002
  0.100000000000000E+001  0.241794954070895E+003  0.615403764438803E+000  0.208769519741807E+002  0.352787471638512E+002
  0.100000000000000E+001  0.241766165189157E+003  0.149875889412641E+001 -0.197447562882402E+000  0.371282900929659E+002
  0.100000000000000E+001  0.241741891791133E+003  0.113734067815437E+001 -0.678702569447964E+000  0.354091213639469E+002
  0.100000000000000E+001  0.241739044607542E+003  0.471135846063419E+000  0.105015948020939E+002  0.360812224064750E+002
  0.100000000000000E+001  0.241737617360149E+003  0.123572041901615E+001  0.162465294177078E+002  0.312747293439369E+002
  0.100000000000000E+001  0.241728058187914E+003  0.230275931766486E+001 -0.289605588886907E+001  0.319801723239989E+002
  0.100000000000000E+001  0.241721849920318E+003  0.245725921593740E+001 -0.765894204231209E+001  0.305755197346501E+002
  0.100000000000000E+001  0.241716290559101E+003  0.912105097675897E+000  0.110015569030905E+002  0.227225297527139E+002
  0.100000000000000E+001  0.241708488572615E+003  0.229171359559796E+001 -0.647886413078062E+001  0.339779744698400E+002
  0.100000000000000E+001  0.241697184653766E+003 -0.138339240995968E-001  0.149140220489782E+002  0.298369991669926E+002
  0.100000000000000E+001  0.241691564070869E+003  0.877336317189306E+000  0.153394788512853E+002  0.366293938135023E+002
  0.100000000000000E+001  0.241691117817113E+003  0.210856684896149E+001 -0.277345823880040E+000  0.266978863599922E+002
  0.100000000000000E+001  0.241681744283193E+003  0.158332845684495E+001 -0.209532692177307E+001  0.366223027317004E+002
  0.100000000000000E+001  0.241671373489928E+003 -0.165935475578251E+000  0.254589644315585E+002  0.333360107603428E+002
  0.100000000000000E+001  0.241669506596411E+003 -0.187638282281468E+000  0.242076072217301E+002  0.334155292748042E+002
  0.100000000000000E+001  0.241663603448937E+003  0.136668451354727E+001  0.126842291866234E+002  0.263153256081997E+002
  0.100000000000000E+001  0.241654149652950E+003  0.984632544237360E+000  0.190287277846194E+002  0.321916293205332E+002
  0.100000000000000E+001  0.241650097695381E+003  0.105721268265103E+001  0.184156899558191E+002  0.310538687517433E+002
  0.100000000000000E+001  0.241641460155257E+003  0.151646416768720E+001  0.422624295302293E+001  0.369929995300523E+002
  0.100000000000000E+001  0.241634153673729E+003  0.806744880378263E+000  0.686266968969721E+001  0.366965544631974E+002
  0.100000000000000E+001  0.241622110980091E+003  0.278888779863482E+000  0.104395476769701E+002  0.273420076102774E+002
  0.100000000000000E+001  0.241587160521852E+003  0.136077001805336E+001 -0.437730639606075E+001  0.339529235039518E+002
  0.100000000000000E+001  0.241578423068850E+003  0.181069250677961E-001  0.253729342271474E+002  0.337408636862031E+002
  0.100000000000000E+001  0.241559916255254E+003  0.198185222399229E+001  0.325814836360161E+001  0.277590992066786E+002
  0.100000000000000E+001  0.241557602172578E+003  0.112709206772635E+001  0.173545173822872E+002  0.295531887078738E+002
  0.100000000000000E+001  0.241550068203871E+003  0.755400931712123E+000  0.387496101047137E+001  0.344674940012510E+002
  0.100000000000000E+001  0.241549887788859E+003  0.132420327764169E+001 -0.514051813149534E+001  0.317540298707440E+002
  0.100000000000000E+001  0.241549095165965E+003  0.230848714525203E+001 -0.596748790339342E+001  0.331306985188379E+002
  0.100000000000000E+001  0.241546190611985E+003  0.112662606512009E+001  0.138894104354518E+002  0.246890396438161E+002
  0.100000000000000E+001  0.241544214123661E+003  0.183550303845279E+001 -0.552947146126201E+000  0.241585993039014E+002
  0.100000000000000E+001  0.241525664539593E+003  0.413323314142708E-001  0.246538773573489E+002  0.264708477420148E+002
  0.100000000000000E+001  0.241523516671660E+003  0.191927853891041E+001 -0.380109592520809E+001  0.357424133878714E+002
  0.100000000000000E+001  0.241521968774411E+003  0.229876611435735E+001 -0.943451870261916E+001  0.274974770235648E+002
  0.100000000000000E+001  0.241521634540649E+003  0.967795805092212E+000  0.848950335591880E+000  0.260956866797881E+002
  0.100000000000000E+001  0.241517706153943E+003  0.100498209893863E+001 -0.129594804936670E+001  0.290183190805217E+002
  0.100000000000000E+001  0.241510517447905E+003  0.268453596846678E+000  0.119323169608165E+002  0.262855228423885E+002
  0.100000000000000E+001  0.241498501506777E+003 -0.260393575750588E+000  0.230659629506079E+002  0.301361396122133E+002
  0.100000000000000E+001  0.241496715543188E+003  0.211014980204883E+001 -0.263028062400384E+001  0.344545668448449E+002
  0.100000000000000E+001  0.241491517310412E+003  0.240748958415549E+001 -0.103275753239933E+002  0.300255631254054E+002
  0.100000000000000E+001  0.241478172708516E+003  0.163436530580636E+001  0.895826264741140E+001  0.271957017976182E+002
  0.100000000000000E+001  0.241450869834910E+003  0.500426160435680E+000  0.661751128001079E+001  0.326866901514760E+002
  0.100000000000000E+001  0.241445255557076E+003  0.500952996684466E+000  0.196018978085187E+002  0.356403975219134E+002
  0.100000000000000E+001  0.241440766192351E+003 -0.174238427083877E+000  0.199791011666351E+002  0.308165819228414E+002
  0.100000000000000E+001  0.241437543494514E+003  0.480029107464333E+000  0.645463444285501E+001  0.290287880949408E+002
  0.100000000000000E+001  0.241433398459636E+003  0.102375295491936E+001  0.114449633505098E+002  0.231985276229975E+002
  0.100000000000000E+001  0.241432257740604E+003  0.229068165923728E+001 -0.505492450801751E+001  0.326390813727875E+002
  0.100000000000000E+001  0.241430489229131E+003  0.907253288599900E+000  0.197516548717461E+002  0.292199896520846E+002
  0.100000000000000E+001  0.241422329118605E+003  0.171975507268812E+001  0.695054347584431E+001  0.266429745767799E+002
  0.100000000000000E+001  0.241409143300712E+003  0.179015343962899E+001 -0.128925890778490E+001  0.360130743201781E+002
  0.100000000000000E+001  0.241398742765201E+003  0.143755595193694E+001  0.121673374373463E+002  0.327522905030938E+002
  0.100000000000000E+001  0.241394686464171E+003  0.623517091882918E+000  0.830205497639736E+001  0.355966312263825E+002
  0.100000000000000E+001  0.241385400032428E+003  0.624389143604287E+000  0.171285047820126E+002  0.361196843119628E+002
  0.100000000000000E+001  0.241353402081284E+003  0.238207281033413E+000  0.106742248366298E+002  0.303201083763197E+002
  0.100000000000000E+001  0.241350910390498E+003  0.175724662226122E+001 -0.913567646600434E+001  0.302962638200374E+002
  0.100000000000000E+001  0.241345706472388E+003  0.589575978190699E+000  0.560550772496831E+001  0.329216894592971E+002
  0.100000000000000E+001  0.241339625363652E+003  0.137268375415681E+001  0.122664736456397E+002  0.336981385034918E+002
  0.100000000000000E+001  0.241320054992968E+003  0.284152282278981E+000  0.255036508525625E+002  0.298267198158419E+002
  0.100000000000000E+001  0.241318198513462E+003  0.295435653823489E+000  0.102086715584675E+002  0.321293717105042E+002
  0.100000000000000E+001  0.241310931652598E+003  0.178811052349091E+000  0.218356116062322E+002  0.254288489323112E+002
  0.100000000000000E+001  0.241305427802911E+003 -0.120256073755494E-001  0.162806685331208E+002  0.313341447598721E+002
  0.100000000000000E+001  0.241303368491534E+003  0.202850516063193E+001 -0.212654113370824E+001  0.345774250236379E+002
  0.100000000000000E+001  0.241290216834154E+003  0.224339308510185E+000  0.220371188025362E+002  0.346237209172529E+002
  0.100000000000000E+001  0.241271085824821E+003  0.133788355565980E+001  0.429246996178259E+001  0.231344171822831E+002
  0.100000000000000E+001  0.241253679580290E+003  0.859719619726453E+000  0.180229742326339E+002  0.258642909749040E+002
  0.100000000000000E+001  0.241208366594563E+003  0.920523185462485E+000  0.176388153566977E+002  0.262431120865412E+002
  0.100000000000000E+001  0.241204042961647E+003  0.168285353345449E+001 -0.819368332306810E+001  0.297378097072359E+002
  0.100000000000000E+001  0.241191958120025E+003  0.211962205148142E+001 -0.254067837140396E+001  0.334304105506983E+002
  0.100000000000000E+001  0.241172099203117E+003  0.207975283448858E+001 -0.331893426516635E+001  0.340148697237145E+002
  0.100000000000000E+001  0.241171895470245E+003  0.363714530868741E+000  0.919542341025053E+001  0.317795835566912E+002
  0.100000000000000E+001  0.241166041425597E+003  0.841832388693549E+000  0.418875360873444E+001  0.252307702401253E+002
  0.100000000000000E+001  0.241162589623914E+003  0.223336760933195E+001 -0.990356428483921E+001  0.315476054003747E+002
  0.100000000000000E+001  0.241158707454961E+003  0.194491641897316E+001  0.671983528355227E+000  0.258712442565355E+002
  0.100000000000000E+001  0.241150151417325E+003  0.214931324392539E+001 -0.125816846643229E+001  0.283187533389717E+002
  0.100000000000000E+001  0.241139323987381E+003  0.111399764672452E+001  0.117457804550574E+002  0.358316940701666E+002
  0.100000000000000E+001  0.241129423629734E+003 -0.110020674971006E+000  0.245379731419106E+002  0.318580422872752E+002
  0.100000000000000E+001  0.241117810626579E+003  0.175445824147634E+001 -0.328988981713192E+001  0.245977802702131E+002
  0.100000000000000E+001  0.241110130704134E+003 -0.186355102194868E-001  0.254237764858168E+002  0.317393421375584E+002
  0.100000000000000E+001  0.241107592618744E+003  0.156434184904297E+001 -0.472513141175281E+001  0.340768650930908E+002
  0.100000000000000E+001  0.241106544234874E+003  0.178467082990026E+001  0.572378805894428E+001  0.273430149664633E+002
  0.100000000000000E+001  0.241076707757808E+003  0.189514667539366E+001  0.363885041008450E+001  0.274816528475147E+002
  0.100000000000000E+001  0.241072615138015E+003  0.183773210281823E+001 -0.192458095738385E+001  0.246506737760390E+002
  0.100000000000000E+001  0.241062901058325E+003  0.449866997890159E+000  0.984893998513996E+001  0.339124662985226E+002
  0.100000000000000E+001  0.241046549909401E+003  0.450139616567513E+000  0.125613869552151E+002  0.351242688119007E+002
  0.100000000000000E+001  0.241026691773631E+003  0.177510605451405E+001 -0.785008243717203E+001  0.322259271089580E+002
  0.100000000000000E+001  0.241022365945065E+003  0.190753443882174E+001  0.968047887899942E+000  0.340341510771310E+002
  0.100000000000000E+001  0.240998436878759E+003  0.315135949837331E+000  0.236250002199955E+002  0.324463567503908E+002
  0.100000000000000E+001  0.240992740670489E+003  0.156923122449982E+001  0.100400418103261E+002  0.296544496097540E+002
  0.100000000000000E+001  0.240979709505467E+003  0.207739867846242E+000  0.241107365869129E+002  0.275131441317483E+002
  0.100000000000000E+001  0.240966368613411E+003  0.130821224199970E+001 -0.259539075525244E+001  0.333818183480003E+002
  0.100000000000000E+001  0.240964414743164E+003  0.569905719495401E+000  0.133918291168882E+002  0.356552939211853E+002
  0.100000000000000E+001  0.240963324288076E+003  0.105893065853258E+001  0.460252810902095E+001  0.357815911064988E+002
  0.100000000000000E+001  0.240956474772612E+003  0.193948465110892E+001 -0.759791396351540E+001  0.330519711206500E+002
  0.100000000000000E+001  0.240944614850508E+003  0.127759272388553E+001  0.134450133383829E+002  0.325658644985990E+002
  0.100000000000000E+001  0.240907454649042E+003  0.173223025005677E+001  0.706240042375808E+001  0.307939317124439E+002
  0.100000000000000E+001  0.240900688734377E+003  0.958299321549883E+000  0.169212385348872E+002  0.331983123331391E+002
  0.100000000000000E+001  0.240897245711315E+003 -0.862339688142466E-002  0.207867064532106E+002  0.272106809266906E+002
  0.100000000000000E+001  0.240892091461046E+003  0.178267603030401E+001 -0.235050698323400E+001  0.348430120428077E+002
  0.100000000000000E+001  0.240888728720769E+003  0.205109966034125E+001 -0.434409916740110E+001  0.261771508827139E+002
  0.100000000000000E+001  0.240887306928613E+003  0.134903502938001E+001  0.612698937685843E+001  0.358064909387222E+002
  0.100000000000000E+001  0.240883996787200E+003  0.492101090515048E+000  0.217661491560738E+002  0.328028035313547E+002
  0.100000000000000E+001  0.240867902074676E+003  0.565505406531046E+000  0.106874660659124E+002  0.349308910482592E+002
  0.100000000000000E+001  0.240855571136743E+003  0.711762201826393E+000  0.120632699750794E+002  0.357299903431603E+002
  0.100000000000000E+001  0.240853536488787E+003  0.109898504629115E+001 -0.134280799094553E+001  0.305094237851499E+002
  0.100000000000000E+001  0.240840263016511E+003  0.755728624822893E+000  0.331213265072846E+001  0.292432712143063E+002
  0.100000000000000E+001  0.240833284885978E+003  0.757349182561139E+000  0.161278774276516E+002  0.349681383634249E+002
  0.100000000000000E+001  0.240813656392154E+003  0.114085335116295E+001 -0.102446367282600E+001  0.324291897569157E+002
  0.100000000000000E+001  0.240797923396371E+003  0.138061074770519E-001  0.235259195818249E+002  0.318477406531729E+002
  0.100000000000000E+001  0.240796724033850E+003  0.102738102488884E+001  0.165796718108516E+002  0.275284492967186E+002
  0.100000000000000E+001  0.240783913806102E+003  0.399533186245595E+000  0.164950237824070E+002  0.246486934063998E+002
  0.100000000000000E+001  0.240778219177842E+003  0.476421216605751E+000  0.882795773801533E+001  0.325184368541012E+002
  0.100000000000000E+001  0.240774614676417E+003  0.130449390342573E+001  0.103215727599782E+002  0.249840736734027E+002
  0.100000000000000E+001  0.240769894442311E+003  0.134664793707688E+001  0.120469739818473E+002  0.271445526329343E+002
  0.100000000000000E+001  0.240769199260169E+003  0.672185443455025E-001  0.234727611286303E+002  0.276160860511582E+002
  0.100000000000000E+001  0.240768068077160E+003  0.179459153066328E+001 -0.216683724315646E+001  0.345451095745368E+002
  0.100000000000000E+001  0.240747755465710E+003  0.141065418798340E+001  0.834913742086621E+001  0.248477026629058E+002
  0.100000000000000E+001  0.240744519627976E+003  0.613436933283097E+000  0.215290045138472E+002  0.303755905084944E+002
  0.100000000000000E+001  0.240742842242748E+003  0.950322931078952E+000  0.914655018330083E+001  0.357629263883351E+002
  0.100000000000000E+001  0.240726974586580E+003  0.458047873949568E+000  0.839980379141022E+001  0.309359034456841E+002
  0.100000000000000E+001  0.240723969348613E+003  0.542446012947743E+000  0.162143050337120E+002  0.243713945296255E+002
  0.100000000000000E+001  0.240717733618803E+003  0.144082955249228E+001 -0.487175989297793E+001  0.291120228714383E+002
  0.100000000000000E+001  0.240717238796800E+003  0.368947933459705E+000  0.100523286775662E+002  0.286212414871064E+002
  0.100000000000000E+001  0.240713851661423E+003  0.137720123518577E-001  0.178111443563863E+002  0.300668897855858E+002
  0.100000000000000E+001  0.240712842587871E+003  0.203023574831695E+001 -0.206311665625717E+001  0.328352258046083E+002
  0.100000000000000E+001  0.240706672069664E+003  0.211180133586574E+001 -0.160757436171033E+001  0.290703667694578E+002
  0.100000000000000E+001  0.240706054479722E+003  0.193993786958564E+001  0.117588910943910E+001  0.324879096407193E+002
  0.100000000000000E+001  0.240700510656899E+003  0.121028412315750E+001 -0.175686520173737E+001  0.274777995312398E+002
  0.100000000000000E+001  0.240692786773935E+003  0.179626171379742E+001 -0.712109572227153E+001  0.319285213180575E+002
  0.100000000000000E+001  0.240692394857554E+003  0.206316181423436E+001 -0.872973567609975E+000  0.281756238276142E+002
  0.100000000000000E+001  0.240678848236447E+003  0.142546172040466E+000  0.240543616195191E+002  0.285264283561964E+002
  0.100000000000000E+001  0.240676720752022E+003 -0.128038758577764E-001  0.234259216251079E+002  0.308752245042667E+002
  0.100000000000000E+001  0.240675634299491E+003  0.142865835940982E+001  0.104895662947674E+002  0.325752203307214E+002
  0.100000000000000E+001  0.240665956281298E+003 -0.267216709426332E-002  0.237314999704219E+002  0.305885253586983E+002
  0.100000000000000E+001  0.240664503367191E+003  0.209956133331288E+001 -0.479568699177941E+001  0.323520344996471E+002
  0.100000000000000E+001  0.240658058638216E+003  0.219115505754456E+001 -0.618663365787449E+001  0.287413306128497E+002
  0.100000000000000E+001  0.240656574118264E+003  0.141800897982224E+001 -0.354109472609842E+001  0.325465437427635E+002
  0.100000000000000E+001  0.240648077589207E+003  0.245410666811002E+000  0.138726873453531E+002  0.270434123534985E+002
  0.100000000000000E+001  0.240637317202420E+003  0.679202148785730E+000  0.195201053339834E+002  0.326800374862381E+002
  0.100000000000000E+001  0.240624493450337E+003  0.136373247375432E+001  0.572792967858456E+001  0.238946413253363E+002
  0.100000000000000E+001  0.240622201651418E+003  0.281749660699603E+000  0.176712730464652E+002  0.339015249852896E+002
  0.100000000000000E+001  0.240604496584510E+003  0.110058242569897E+001  0.377824568999330E+001  0.242578196356852E+002
  0.100000000000000E+001  0.240596162447104E+003  0.173373333717741E+000  0.216661210707609E+002  0.326893882354203E+002
  0.100000000000000E+001  0.240589120160226E+003  0.164587542949143E+001  0.512273155251812E+001  0.336673693128545E+002
  0.100000000000000E+001  0.240588925248851E+003  0.511520558130675E+000  0.201257099123100E+002  0.331837599936002E+002
  0.100000000000000E+001  0.240581353384336E+003  0.813806863454785E+000  0.869424902540234E+001  0.350788688139038E+002
  0.100000000000000E+001  0.240574503281971E+003  0.173896665822745E+001 -0.632981701656706E+001  0.274381749857300E+002
  0.100000000000000E+001  0.240568822730155E+003  0.349596679525277E-004  0.232713040833921E+002  0.295854767596162E+002
  0.100000000000000E+001  0.240559588828152E+003  0.232532496915664E+000  0.131796653058229E+002  0.307523615713692E+002
  0.100000000000000E+001  0.240550236972605E+003  0.921609216550351E+000  0.177774454404969E+002  0.308961598659515E+002
  0.100000000000000E+001  0.240548688185841E+003  0.124241568399286E+001  0.185683907423935E+001  0.346930505820008E+002
  0.100000000000000E+001  0.240546730320069E+003  0.414144271119261E+000  0.141578239624176E+002  0.251197006472081E+002
  0.100000000000000E+001  0.240546442747355E+003  0.102276932476501E+001  0.258331728183263E+001  0.337366869882795E+002
  0.100000000000000E+001  0.240540118253872E+003  0.193447463911207E-001  0.205438075486341E+002  0.281006035245499E+002
  0.100000000000000E+001  0.240539132992736E+003  0.722060839746647E+000  0.442000467774295E+001  0.299322205387903E+002
  0.100000000000000E+001  0.240527955487094E+003  0.136896503599581E+001 -0.167793724766369E+001  0.334465423144500E+002
  0.100000000000000E+001  0.240512276988394E+003  0.108316047283603E+001  0.150944101344633E+002  0.322174531894068E+002
  0.100000000000000E+001  0.240511644402551E+003  0.738407302754398E+000  0.556681554420361E+001  0.265600746481387E+002
  0.100000000000000E+001  0.240506012409762E+003  0.280163547247201E+000  0.130832701286529E+002  0.274901348578397E+002
  0.100000000000000E+001  0.240493903191590E+003  0.257931098714115E+000  0.213671264441676E+002  0.266485792920127E+002
  0.100000000000000E+001  0.240493422111950E+003  0.205869841387927E+001 -0.705935383604076E+001  0.280433799942312E+002
  0.100000000000000E+001  0.240489408723094E+003  0.158116623269431E+001  0.660236553860368E+001  0.260059347390981E+002
  0.100000000000000E+001  0.240488703056239E+003  0.804649291676567E+000  0.989045424622367E+001  0.350437260700332E+002
  0.100000000000000E+001  0.240474149166040E+003  0.491524005632475E+000  0.109874071562650E+002  0.257398760495064E+002
  0.100000000000000E+001  0.240467254168188E+003  0.664583771006007E+000  0.200043118768430E+002  0.314671065417120E+002
  0.100000000000000E+001  0.240453343776259E+003  0.148834400333065E+001  0.853598811889776E+001  0.328590999597413E+002
  0.100000000000000E+001  0.240428606840223E+003  0.107537857914390E+001 -0.102896785101692E+000  0.287698083916787E+002
  0.100000000000000E+001  0.240421334891212E+003  0.200144427017669E+001  0.173523662380376E+000  0.300058000225697E+002
  0.100000000000000E+001  0.240416773015084E+003  0.140388552209310E+001  0.920616735451981E+001  0.258423503480566E+002
  0.100000000000000E+001  0.240414651289549E+003  0.130050052626254E+001  0.116024507320434E+001  0.246948321884974E+002
  0.100000000000000E+001  0.240407298474322E+003  0.182806185085065E+001 -0.612882852757397E+001  0.272661573431323E+002
  0.100000000000000E+001  0.240405989809579E+003  0.171378997898503E+001 -0.641629578544020E+001  0.288067351615569E+002
  0.100000000000000E+001  0.240404666642680E+003  0.162861065636346E+001  0.129460205811894E+001  0.343232837489225E+002
  0.100000000000000E+001  0.240393480482068E+003  0.123549869490797E+001 -0.171653114019833E+000  0.331561728740902E+002
  0.100000000000000E+001  0.240385512185788E+003  0.141584800059130E+001 -0.155502860374889E+001  0.256596176163913E+002
  0.100000000000000E+001  0.240361397467151E+003  0.631946418382939E+000  0.202281555687659E+002  0.282265327255995E+002
  0.100000000000000E+001  0.240349882876363E+003  0.337667599807091E+000  0.214657869219330E+002  0.319589416568394E+002
  0.100000000000000E+001  0.240345893519155E+003  0.162678564037033E+001  0.730547309725347E+001  0.309406665190306E+002
  0.100000000000000E+001  0.240345069335570E+003  0.140646507069125E+001  0.606645659527875E+001  0.344568248692703E+002
  0.100000000000000E+001  0.240342409490429E+003  0.725716686610610E+000  0.536800690174012E+001  0.315653954410651E+002
  0.100000000000000E+001  0.240338364455489E+003  0.314157956464957E+000  0.146210178987076E+002  0.262869033520171E+002
  0.100000000000000E+001  0.240320740349256E+003  0.415844867966951E+000  0.102439949063810E+002  0.306207322762735E+002
  0.100000000000000E+001  0.240320693594903E+003  0.932468846269973E+000  0.259973085456916E+001  0.272914725958718E+002
  0.100000000000000E+001  0.240300382288460E+003  0.194388938585283E+001 -0.717667354416542E+001  0.298143855829833E+002
  0.100000000000000E+001  0.240293357746405E+003  0.993053872462317E-001  0.183718089702703E+002  0.283108182577046E+002
  0.100000000000000E+001  0.240291620832272E+003  0.806590377063969E+000  0.570079705492523E+001  0.259295329519198E+002
  0.100000000000000E+001  0.240286443113037E+003  0.207332704551654E+001 -0.624754788673624E+001  0.290212853256631E+002
  0.100000000000000E+001  0.240277778163718E+003  0.154627152730858E+001  0.792069789470222E+001  0.272195107526351E+002
  0.100000000000000E+001  0.240267603040308E+003  0.219934459462570E+000  0.214773632178679E+002  0.274533120551906E+002
  0.100000000000000E+001  0.240266334634715E+003  0.137541044964103E+001  0.890938765322744E-001  0.250981831985445E+002
  0.100000000000000E+001  0.240264337792128E+003  0.390737218146116E+000  0.203358553337179E+002  0.266349201792258E+002
  0.100000000000000E+001  0.240262008850064E+003  0.164438267986350E+001  0.321434298220964E+001  0.253305891958882E+002
  0.100000000000000E+001  0.240229921226430E+003  0.248191979957264E+000  0.148965891547382E+002  0.315333850251430E+002
  0.100000000000000E+001  0.240216664443217E+003  0.722923319854862E+000  0.573583536603509E+001  0.314817512950586E+002
  0.100000000000000E+001  0.240196447604330E+003  0.125182705189224E+001  0.962894381891169E+001  0.337981865612045E+002
  0.100000000000000E+001  0.240194072068813E+003  0.148199782192007E+001 -0.302024430881512E+001  0.320905440552689E+002
  0.100000000000000E+001  0.240164571756143E+003  0.197223118145545E+000  0.169879629669829E+002  0.315189331072420E+002
  0.100000000000000E+001  0.240158335371419E+003  0.152808869543380E+001 -0.440540052791617E+001  0.297922691792356E+002
  0.100000000000000E+001  0.240153021640679E+003  0.112249543802895E+001  0.118137322861443E+000  0.280723688283963E+002
  0.100000000000000E+001  0.240151411800911E+003  0.186885091326854E+001 -0.640966379412153E+001  0.289866018165763E+002
  0.100000000000000E+001  0.240149571980407E+003  0.329395701126775E+000  0.219639799510877E+002  0.294991216987643E+002
  0.100000000000000E+001  0.240148907487639E+003  0.102714452613328E+000  0.190470418573886E+002  0.299011336613290E+002
  0.100000000000000E+001  0.240140770295974E+003  0.195966826147312E+001 -0.304739168458642E+001  0.317052356846473E+002
  0.100000000000000E+001  0.240132721994717E+003  0.191647600548719E+001  0.983074192919659E+000  0.300060327039673E+002
  0.100000000000000E+001  0.240130513666563E+003  0.145648772005091E+001  0.536588479528216E+001  0.248571894257918E+002
  0.100000000000000E+001  0.240126416475827E+003  0.150219236712851E+001 -0.122128753608297E+001  0.255274654741761E+002
  0.100000000000000E+001  0.240126243205941E+003  0.538143493375400E+000  0.159750882242234E+002  0.335940508110343E+002
  0.100000000000000E+001  0.240116176970740E+003  0.546518832009023E+000  0.202627589359861E+002  0.281056129980461E+002
  0.100000000000000E+001  0.240113212931958E+003  0.239337945016141E+000  0.194267202043437E+002  0.269233002811295E+002
  0.100000000000000E+001  0.240097976035704E+003  0.212609013794520E+000  0.153183711177116E+002  0.293944797866323E+002
  0.100000000000000E+001  0.240092745776112E+003  0.806545297927241E+000  0.172585421803822E+002  0.270114295032371E+002
  0.100000000000000E+001  0.240083894104420E+003  0.148358900213742E+001  0.711265869450739E+001  0.328236443589284E+002
  0.100000000000000E+001  0.240077333143688E+003  0.153224680670929E+001  0.951579391755018E+000  0.337598576019768E+002
  0.100000000000000E+001  0.240066583757279E+003  0.286627770323046E+000  0.195023948501390E+002  0.268216248477556E+002
  0.100000000000000E+001  0.240066579289367E+003  0.856166319649211E+000  0.175565173517390E+002  0.296335006324556E+002
  0.100000000000000E+001  0.240065492763578E+003  0.169554414251389E+001 -0.204315154244793E+001  0.257919837206246E+002
  0.100000000000000E+001  0.240063685121793E+003  0.184246923208382E+001  0.189674169308822E+001  0.310008277487722E+002
  0.100000000000000E+001  0.240063053993106E+003  0.145453301275871E+001 -0.187272808072856E+001  0.263064184876793E+002
  0.100000000000000E+001  0.240060120829225E+003  0.514510634961402E+000  0.125091159987440E+002  0.331282355455046E+002
  0.100000000000000E+001  0.240047360844163E+003  0.102902558466792E+001  0.126582149177132E+002  0.333940667672062E+002
  0.100000000000000E+001  0.240037549636556E+003  0.146915657923091E+001  0.906495506835458E+001  0.308144212393549E+002
  0.100000000000000E+001  0.240025019969177E+003  0.120189859448637E+001  0.510372236843001E+001  0.341962504978477E+002
  0.100000000000000E+001  0.240015422461143E+003  0.989634237461302E+000  0.214463793384279E+001  0.308100586506518E+002
  0.100000000000000E+001  0.240008800437745E+003  0.181550198662754E+001 -0.328018889772389E+001  0.265898981207526E+002
  0.100000000000000E+001  0.240001840787588E+003  0.712651688147048E+000  0.102160927063492E+002  0.336346627206015E+002
  0.100000000000000E+001  0.240001659831722E+003  0.228632731235951E+000  0.194210398833951E+002  0.313807563220815E+002
  0.100000000000000E+001  0.239992628673647E+003  0.134185194605991E+001  0.106877428053373E+002  0.312135645835126E+002
  0.100000000000000E+001  0.239985890567725E+003  0.209617737186295E+000  0.170743176342758E+002  0.279354097136781E+002
  0.100000000000000E+001  0.239973677354156E+003  0.214960797987412E+000  0.163334110699946E+002  0.303063639094352E+002
  0.100000000000000E+001  0.239968231987477E+003  0.736414552160626E+000  0.560573942242702E+001  0.290752242282906E+002
  0.100000000000000E+001  0.239955766208520E+003  0.292605906036149E+000  0.211071504605270E+002  0.286431950056275E+002
  0.100000000000000E+001  0.239952785751582E+003  0.654649006740125E+000  0.993102704741992E+001  0.255544578428072E+002
  0.100000000000000E+001  0.239951419870134E+003  0.118186142298819E+001  0.105362204197419E+002  0.332119681863440E+002
  0.100000000000000E+001  0.239950057816209E+003  0.129298499436321E+001  0.520667132250287E+001  0.244862413210875E+002
  0.100000000000000E+001  0.239941743025460E+003  0.156682219215163E+001  0.490851570250206E+001  0.327206019514413E+002
  0.100000000000000E+001  0.239940206874990E+003  0.149714290704683E+001  0.471566644679170E+001  0.252276437061198E+002
  0.100000000000000E+001  0.239933143091175E+003  0.553437626272899E+000  0.172572951160321E+002  0.327115037046709E+002
  0.100000000000000E+001  0.239906403356492E+003  0.125918938082584E+001  0.939766585232917E+001  0.254312550173031E+002
  0.100000000000000E+001  0.239896194539571E+003  0.198252607283011E+000  0.176745706759581E+002  0.301116917436758E+002
  0.100000000000000E+001  0.239891266546309E+003  0.189237812708276E+001 -0.517643506841202E+001  0.290166172976524E+002
  0.100000000000000E+001  0.239875860402384E+003  0.419252200582362E+000  0.189170145812239E+002  0.267942642411664E+002
  0.100000000000000E+001  0.239865071603722E+003  0.720072948786370E+000  0.129125662801889E+002  0.335396798851371E+002
  0.100000000000000E+001  0.239851198303443E+003  0.146820437852002E+001  0.367287914549881E+001  0.334053208945636E+002
  0.100000000000000E+001  0.239844836555762E+003  0.164978018943204E+001  0.532467507371526E+001  0.279797922005998E+002
  0.100000000000000E+001  0.239842292220036E+003  0.128711316916374E+001 -0.591402322839642E+000  0.272627358362665E+002
  0.100000000000000E+001  0.239836872500699E+003  0.705973812422485E+000  0.751390584985694E+001  0.317064343588855E+002
  0.100000000000000E+001  0.239801191880033E+003  0.106903914203773E+001  0.139390503513548E+002  0.275219932998110E+002
  0.100000000000000E+001  0.239788190041228E+003  0.746048157731805E+000  0.119322077618300E+002  0.334264896175287E+002
  0.100000000000000E+001  0.239781408395195E+003  0.545424067198359E+000  0.177936916741322E+002  0.265050227838998E+002
  0.100000000000000E+001  0.239763693726471E+003  0.172430241314560E+001 -0.378132994491909E+001  0.276196308475510E+002
  0.100000000000000E+001  0.239762039376742E+003  0.126520136005582E+001  0.100691905645890E+002  0.322002095509078E+002
  0.100000000000000E+001  0.239755514484823E+003  0.652932005511548E+000  0.181242391280413E+002  0.275520992225753E+002
  0.100000000000000E+001  0.239740264292913E+003  0.114075525547423E+001  0.130950277685314E+001  0.272526334739433E+002
  0.100000000000000E+001  0.239735476845276E+003  0.642554071790255E+000  0.112135528523173E+002  0.327616761146695E+002
  0.100000000000000E+001  0.239730930694444E+003  0.186457521897592E+001 -0.895214081504278E+000  0.305877190795975E+002
  0.100000000000000E+001  0.239724948728564E+003  0.559362499234416E+000  0.935085288883064E+001  0.298369847367811E+002
  0.100000000000000E+001  0.239710655135958E+003  0.189243168437023E+001 -0.344712536362724E+001  0.298006572551404E+002
  0.100000000000000E+001  0.239708814796200E+003  0.125074675215340E+001  0.942169728806368E+001  0.325805882148262E+002
  0.100000000000000E+001  0.239699557125795E+003  0.429059242006668E+000  0.148927646966523E+002  0.318799477144167E+002
  0.100000000000000E+001  0.239697201770558E+003  0.650902742258860E+000  0.122466377906570E+002  0.328964293159238E+002
  0.100000000000000E+001  0.239695303441618E+003  0.116446152291666E+001  0.196143574806526E+001  0.320043976380546E+002
  0.100000000000000E+001  0.239682586397352E+003  0.145336866326926E+001  0.773010150586779E+001  0.270730770021818E+002
  0.100000000000000E+001  0.239676501521291E+003  0.963733135226724E+000  0.113650009455482E+002  0.331864598627688E+002
  0.100000000000000E+001  0.239667437888510E+003  0.625416858763308E+000  0.902462407086364E+001  0.273131761569771E+002
  0.100000000000000E+001  0.239640999266561E+003  0.125303168668129E+001 -0.339273097881886E+000  0.291467221936781E+002
  0.100000000000000E+001  0.239635575629661E+003  0.138611343586389E+001  0.572406016438673E+001  0.253421952905876E+002
  0.100000000000000E+001  0.239626643918929E+003  0.174712153113694E+001 -0.142044700152336E+001  0.314346521035948E+002
  0.100000000000000E+001  0.239619813530593E+003  0.138986026709658E+001  0.714304606827986E+001  0.323024373697687E+002
  0.100000000000000E+001  0.239614916288436E+003  0.182344795637831E+001  0.582622473735185E+000  0.289191141210704E+002
  0.100000000000000E+001  0.239614461975705E+003  0.146346177513357E+001  0.184119088504332E+001  0.327387618569182E+002
  0.100000000000000E+001  0.239612345246397E+003  0.163039450138044E+001  0.387135940280001E+001  0.269342224246744E+002
  0.100000000000000E+001  0.239605381648115E+003  0.495923524098541E+000  0.146000030131151E+002  0.320170700276432E+002
  0.100000000000000E+001  0.239590745295139E+003  0.181879381373054E+001  0.565181047129769E+000  0.290761531419771E+002
  0.100000000000000E+001  0.239588879156112E+003  0.106818713666181E+001  0.109198864981787E+002  0.254565226504062E+002
  0.100000000000000E+001  0.239587815271776E+003  0.175142545969970E+001  0.957751815835906E-001  0.270202443030630E+002
  0.100000000000000E+001  0.239586500803815E+003  0.153813450786949E+001 -0.196670907035177E+001  0.310237213891178E+002
  0.100000000000000E+001  0.239583976751601E+003  0.453398068327670E+000  0.137648012561120E+002  0.313637385984405E+002
  0.100000000000000E+001  0.239577979165476E+003  0.935851827066808E+000  0.627357720059490E+001  0.324847381852051E+002
  0.100000000000000E+001  0.239569894259398E+003  0.180940110955547E+001 -0.251308002332996E+001  0.303444148086206E+002
  0.100000000000000E+001  0.239569205360597E+003  0.108484809837409E+001  0.802341813939793E+001  0.332141718051642E+002
  0.100000000000000E+001  0.239556225233666E+003  0.355662975882488E+000  0.154498324421280E+002  0.278857257336918E+002
  0.100000000000000E+001  0.239533934090620E+003  0.422653270020692E+000  0.148304311062458E+002  0.311181623053361E+002
  0.100000000000000E+001  0.239529526352407E+003  0.121578754680268E+001  0.965946938641201E+001  0.259640485094303E+002
  0.100000000000000E+001  0.239525810627582E+003  0.128517837071090E+001  0.159690032344125E+001  0.260956934334543E+002
  0.100000000000000E+001  0.239514098702552E+003  0.781903997565086E+000  0.621324317400162E+001  0.292974602855199E+002
  0.100000000000000E+001  0.239506486768499E+003  0.156893025071564E+001  0.168483941365743E+001  0.321243886950705E+002
  0.100000000000000E+001  0.239495207923369E+003  0.167267593529803E+001 -0.102715567230474E+001  0.268330748983991E+002
  0.100000000000000E+001  0.239462729554083E+003  0.148228797870176E+001 -0.176943936869002E+001  0.299131448491447E+002
  0.100000000000000E+001  0.239452983641414E+003  0.166903930144426E+001 -0.286954862983033E+001  0.288648319574740E+002
  0.100000000000000E+001  0.239448786435448E+003  0.153116829821958E+001  0.457257206607323E+001  0.315767385364043E+002
  0.100000000000000E+001  0.239444666968183E+003  0.689721871365553E+000  0.167213052683575E+002  0.274195031387100E+002
  0.100000000000000E+001  0.239440797313992E+003  0.766987338627515E+000  0.152598096730334E+002  0.314998902257259E+002
  0.100000000000000E+001  0.239432720225889E+003  0.738798021164474E+000  0.124178741514704E+002  0.324335365372303E+002
  0.100000000000000E+001  0.239423329006356E+003  0.108301079440314E+001  0.257946567912116E+001  0.277912445819377E+002
  0.100000000000000E+001  0.239412685802732E+003  0.121818487025576E+001  0.739460289439668E+001  0.326171583579464E+002
  0.100000000000000E+001  0.239401555173070E+003  0.380216927930736E+000  0.156159083133738E+002  0.283773864347186E+002
  0.100000000000000E+001  0.239382831226772E+003  0.136408771485783E+001  0.861506191905644E+001  0.275744226958732E+002
  0.100000000000000E+001  0.239376107370836E+003  0.142136808299648E+001  0.852775528200226E+000  0.316762561132926E+002
  0.100000000000000E+001  0.239364284947451E+003  0.145441354796625E+001  0.236133020791206E+001  0.320662241414240E+002
  0.100000000000000E+001  0.239354247472520E+003  0.114047543172273E+001  0.963619391733118E+001  0.257832478621974E+002
  0.100000000000000E+001  0.239340662514435E+003  0.162278122638718E+001  0.241525992403076E+001  0.309844048293732E+002
  0.100000000000000E+001  0.239328616362393E+003  0.170525271459412E+001 -0.207320010043333E+001  0.289565344293885E+002
  0.100000000000000E+001  0.239303408310520E+003  0.676727937660594E+000  0.131383376513376E+002  0.318295390499851E+002
  0.100000000000000E+001  0.239302364781834E+003  0.102769555357873E+001  0.112966030997538E+002  0.318804133393357E+002
  0.100000000000000E+001  0.239299485797436E+003  0.120742235422941E+001  0.134908323705321E+001  0.281906503951595E+002
  0.100000000000000E+001  0.239294719500991E+003  0.714535424348060E+000  0.125883708442636E+002  0.259387172619081E+002
  0.100000000000000E+001  0.239291461604417E+003  0.413093279979864E+000  0.159387279314872E+002  0.284931953445205E+002
  0.100000000000000E+001  0.239291428663580E+003  0.538545364291602E+000  0.151455806880567E+002  0.310406731389269E+002
  0.100000000000000E+001  0.239289787704901E+003  0.544980167973986E+000  0.115351868931704E+002  0.283431547239620E+002
  0.100000000000000E+001  0.239289427167853E+003  0.118653068259854E+001  0.392158920970645E+001  0.319525114210596E+002
  0.100000000000000E+001  0.239274459950462E+003  0.781069375910798E+000  0.151569038418969E+002  0.307528748172023E+002
  0.100000000000000E+001  0.239267381862719E+003  0.782954687183815E+000  0.117441863761078E+002  0.320480285731706E+002
  0.100000000000000E+001  0.239260863583359E+003  0.136266602964333E+001  0.865176705287880E+001  0.289233737125829E+002
  0.100000000000000E+001  0.239248678304983E+003  0.496679756643807E+000  0.128402818870274E+002  0.288618101686744E+002
  0.100000000000000E+001  0.239246356260437E+003  0.146818913938709E+001  0.659229246529839E+001  0.281021053870996E+002
  0.100000000000000E+001  0.239243313801423E+003  0.959491595166880E+000  0.102531291152806E+002  0.322112777666979E+002
  0.100000000000000E+001  0.239235287316430E+003  0.733490495513958E+000  0.808896488183845E+001  0.283526806942901E+002
  0.100000000000000E+001  0.239234285938989E+003  0.148553116784017E+001  0.608391063290205E+001  0.300290964972013E+002
  0.100000000000000E+001  0.239222504951646E+003  0.659749055964010E+000  0.166176447675542E+002  0.292860017497015E+002
  0.100000000000000E+001  0.239214279977530E+003  0.836460423555278E+000  0.105917950857254E+002  0.320052859362053E+002
  0.100000000000000E+001  0.239183996110055E+003  0.122928329405404E+001  0.238949438871421E+001  0.269029876137808E+002
  0.100000000000000E+001  0.239172970226833E+003  0.121594363646447E+001  0.158060287197345E+001  0.287669395686007E+002
  0.100000000000000E+001  0.239172907869668E+003  0.124248065633808E+001  0.226095621492728E+001  0.308523675532789E+002
  0.100000000000000E+001  0.239163346468095E+003  0.152780949961398E+001 -0.896048366544662E+000  0.288438983316448E+002
  0.100000000000000E+001  0.239143799971269E+003  0.850455964441614E+000  0.129957965576920E+002  0.313060312049180E+002
  0.100000000000000E+001  0.239142426621539E+003  0.120055818325926E+001  0.104100921177416E+002  0.278678885497500E+002
  0.100000000000000E+001  0.239139704547619E+003  0.776364351875043E+000  0.823821507135276E+001  0.274577293461358E+002
  0.100000000000000E+001  0.239135422247893E+003  0.754472049773642E+000  0.137255725424934E+002  0.265599026470518E+002
  0.100000000000000E+001  0.239135357081348E+003  0.101635528963296E+001  0.640434802437986E+001  0.260966206239312E+002
  0.100000000000000E+001  0.239132297916206E+003  0.623279810059755E+000  0.106384941918144E+002  0.293177953644783E+002
  0.100000000000000E+001  0.239122229355330E+003  0.145754795556786E+001  0.345546846574366E+001  0.312214577417785E+002
  0.100000000000000E+001  0.239102894673803E+003  0.142354686800631E+001  0.614145216715853E+001  0.304372401426210E+002
  0.100000000000000E+001  0.239096729698298E+003  0.150758530101906E+001 -0.116527234987203E+000  0.298043447533431E+002
  0.100000000000000E+001  0.239085060204812E+003  0.745518915569926E+000  0.845222075183162E+001  0.289244321049856E+002
  0.100000000000000E+001  0.239078169579517E+003  0.977439944865144E+000  0.113408866516658E+002  0.313111291751849E+002
  0.100000000000000E+001  0.239075512016172E+003  0.108512351809276E+001  0.755300866605918E+001  0.318138359859460E+002
  0.100000000000000E+001  0.239063552097433E+003  0.938100569190818E+000  0.863598908176954E+001  0.260018466791691E+002
  0.100000000000000E+001  0.239057007731155E+003  0.745784754917534E+000  0.146449799639122E+002  0.302506631112512E+002
  0.100000000000000E+001  0.239051275350402E+003  0.753473180094064E+000  0.151545031745707E+002  0.293072089380218E+002
  0.100000000000000E+001  0.239047562094427E+003  0.539438155695566E+000  0.154439475037291E+002  0.289913696541828E+002
  0.100000000000000E+001  0.239043865831791E+003  0.757838113957247E+000  0.138390629540949E+002  0.269412093304583E+002
  0.100000000000000E+001  0.239027591531222E+003  0.898179552600224E+000  0.126234549245255E+002  0.308090093742668E+002
  0.100000000000000E+001  0.239024162697052E+003  0.661798730023990E+000  0.110621497751220E+002  0.276113467768058E+002
  0.100000000000000E+001  0.239021930614625E+003  0.108380865151586E+001  0.370796902663294E+001  0.291173134881895E+002
  0.100000000000000E+001  0.239017746813299E+003  0.139194904450838E+001  0.698422979642547E+001  0.282370739651692E+002
  0.100000000000000E+001  0.239015700596332E+003  0.694289095558427E+000  0.151355060130794E+002  0.280069193560617E+002
  0.100000000000000E+001  0.239000665363661E+003  0.142007822560826E+001  0.619112055593369E+001  0.297210592262238E+002
  0.100000000000000E+001  0.238994206967277E+003  0.847266040146040E+000  0.815704956728518E+001  0.305391259001475E+002
  0.100000000000000E+001  0.238992489217741E+003  0.927317504004455E+000  0.605536738955838E+001  0.294980332917057E+002
  0.100000000000000E+001  0.238989179368838E+003  0.101169724405803E+001  0.962448412657577E+001  0.314122656392285E+002
  0.100000000000000E+001  0.238988125078103E+003  0.883327609570398E+000  0.126101756477146E+002  0.268760682490104E+002
  0.100000000000000E+001  0.238980867763666E+003  0.880308870496803E+000  0.898131472706766E+001  0.264197588551593E+002
  0.100000000000000E+001  0.238955044653789E+003  0.150148063223384E+001  0.198175504973851E+001  0.301055210452648E+002
  0.100000000000000E+001  0.238947334622093E+003  0.133653213884448E+001  0.262963079857637E+001  0.305308873441000E+002
  0.100000000000000E+001  0.238945869119083E+003  0.154532580301923E+001  0.201903207580608E+001  0.280010551929107E+002
  0.100000000000000E+001  0.238940827172166E+003  0.140953014456722E+001  0.457623004834645E+001  0.269826329443127E+002
  0.100000000000000E+001  0.238939194828475E+003  0.115340631239642E+001  0.587852028352721E+001  0.312215686658968E+002
  0.100000000000000E+001  0.238939015473241E+003  0.681956335598218E+000  0.132541569180108E+002  0.302708922823118E+002
  0.100000000000000E+001  0.238937058496835E+003  0.127706526605765E+001  0.774491843995307E+001  0.271648839790073E+002
  0.100000000000000E+001  0.238933422987549E+003  0.122302766098458E+001  0.774395346048868E+001  0.266404573802992E+002
  0.100000000000000E+001  0.238928486731436E+003  0.814710657228817E+000  0.118056616629667E+002  0.308493540308690E+002
  0.100000000000000E+001  0.238922504199212E+003  0.103192870010610E+001  0.729863806563665E+001  0.263213983854913E+002
  0.100000000000000E+001  0.238916081981615E+003  0.138179658114488E+001  0.667395699801580E+001  0.284399628884534E+002
  0.100000000000000E+001  0.238886150030941E+003  0.100565003578645E+001  0.114798721330620E+002  0.301026274020092E+002
  0.100000000000000E+001  0.238885891595706E+003  0.913194368867805E+000  0.112982021875581E+002  0.307491529839187E+002
  0.100000000000000E+001  0.238873682409282E+003  0.748652959704967E+000  0.140407325902190E+002  0.281343676021114E+002
  0.100000000000000E+001  0.238873287481995E+003  0.961898330755444E+000  0.611613865515348E+001  0.293857402983498E+002
  0.100000000000000E+001  0.238860060988965E+003  0.147923050397136E+001  0.363953014922819E+001  0.280639581639009E+002
  0.100000000000000E+001  0.238858513790207E+003  0.120559936708800E+001  0.806991502181288E+001  0.305007196813422E+002
  0.100000000000000E+001  0.238848095492504E+003  0.917635431389860E+000  0.125597438003315E+002  0.295710668115901E+002
  0.100000000000000E+001  0.238839062724797E+003  0.100206967674824E+001  0.559768366601460E+001  0.288046721291712E+002
  0.100000000000000E+001  0.238836654723867E+003  0.107287079526135E+001  0.684506597001464E+001  0.265674173954611E+002
  0.100000000000000E+001  0.238816871154037E+003  0.117843813899629E+001  0.874584208231542E+001  0.272980390333036E+002
  0.100000000000000E+001  0.238800390444288E+003  0.116638381979623E+001  0.628008406892965E+001  0.307150150411130E+002
  0.100000000000000E+001  0.238797699981529E+003  0.990941641831539E+000  0.117741611147650E+002  0.287963736833633E+002
  0.100000000000000E+001  0.238795201585980E+003  0.747944259449500E+000  0.128611069930410E+002  0.277501917215562E+002
  0.100000000000000E+001  0.238755367115944E+003  0.142714787087696E+001  0.399053192054505E+001  0.289076726542649E+002
  0.100000000000000E+001  0.238735871439421E+003  0.794445957736534E+000  0.121156188049378E+002  0.277360774765922E+002
  0.100000000000000E+001  0.238725009051733E+003  0.121945038369942E+001  0.831054279655109E+001  0.286650463428621E+002
  0.100000000000000E+001  0.238718616281004E+003  0.917702429865345E+000  0.994859102837628E+001  0.301914353886852E+002
  0.100000000000000E+001  0.238716767532852E+003  0.758708369851572E+000  0.112136615122550E+002  0.283587990657215E+002
  0.100000000000000E+001  0.238709923125572E+003  0.109138136662791E+001  0.876616091522919E+001  0.301563502986219E+002
  0.100000000000000E+001  0.238674918497659E+003  0.944920857002527E+000  0.751457133995714E+001  0.284562495672524E+002
  0.100000000000000E+001  0.238652004984911E+003  0.856848728851817E+000  0.116403578254603E+002  0.283433306781648E+002
  0.100000000000000E+001  0.238628956595835E+003  0.109266071051912E+001  0.940329825111496E+001  0.287042989472166E+002
  0.100000000000000E+001  0.238585369663036E+003  0.115677747823770E+001  0.560311036188359E+001  0.284717213298426E+002
  0.100000000000000E+001  0.238553601019411E+003  0.105678558737342E+001  0.853171146572234E+001  0.280337452801697E+002
